>TGTTTRCAYT	1-TGTTTRCAYT	6.738324	-631.306019	0	T:10334.0(12.43%),B:7257.2(8.76%),P:1e-274	Tpos:100.7,Tstd:54.4,Bpos:100.1,Bstd:58.4,StrandBias:-0.0,Multiplicity:1.13
0.001	0.159	0.001	0.839
0.226	0.001	0.772	0.001
0.001	0.001	0.001	0.997
0.096	0.019	0.140	0.745
0.195	0.001	0.001	0.803
0.493	0.001	0.505	0.001
0.133	0.561	0.076	0.230
0.406	0.209	0.143	0.242
0.097	0.399	0.047	0.456
0.422	0.001	0.001	0.576
>TGRACTTTGN	2-TGRACTTTGN	6.360939	-520.578426	0	T:10955.0(13.17%),B:8049.7(9.71%),P:1e-226	Tpos:100.2,Tstd:54.7,Bpos:100.3,Bstd:56.6,StrandBias:-0.0,Multiplicity:1.06
0.063	0.281	0.021	0.635
0.026	0.001	0.906	0.067
0.343	0.215	0.417	0.025
0.750	0.182	0.001	0.067
0.023	0.937	0.035	0.005
0.015	0.200	0.039	0.746
0.001	0.086	0.001	0.912
0.066	0.121	0.230	0.583
0.213	0.095	0.676	0.016
0.234	0.227	0.279	0.260
>AGTTCAAAGK	3-AGTTCAAAGK	6.070213	-461.021011	0	T:12346.0(14.84%),B:9431.4(11.38%),P:1e-200	Tpos:99.9,Tstd:54.9,Bpos:99.8,Bstd:56.8,StrandBias:-0.0,Multiplicity:1.12
0.500	0.121	0.248	0.132
0.034	0.199	0.764	0.003
0.271	0.156	0.107	0.466
0.138	0.186	0.194	0.482
0.158	0.754	0.023	0.065
0.965	0.008	0.023	0.004
0.676	0.127	0.186	0.011
0.688	0.008	0.186	0.118
0.052	0.130	0.766	0.052
0.180	0.166	0.260	0.394
>CMCCTAGTGG	4-CMCCTAGTGG	7.596309	-225.882559	0	T:3245.0(3.90%),B:2194.8(2.65%),P:1e-98	Tpos:97.5,Tstd:55.2,Bpos:100.1,Bstd:54.4,StrandBias:0.0,Multiplicity:1.02
0.041	0.666	0.218	0.075
0.465	0.468	0.026	0.040
0.180	0.523	0.006	0.291
0.063	0.838	0.060	0.039
0.001	0.138	0.135	0.726
0.593	0.001	0.208	0.198
0.015	0.204	0.763	0.018
0.050	0.047	0.045	0.858
0.099	0.027	0.852	0.022
0.166	0.135	0.629	0.070
>AAAGGCCCCT	5-AAAGGCCCCT	4.701263	-198.812282	0	T:24324.0(29.25%),B:21712.5(26.20%),P:1e-86	Tpos:100.7,Tstd:54.6,Bpos:99.5,Bstd:57.2,StrandBias:-0.0,Multiplicity:1.19
0.698	0.096	0.101	0.105
0.728	0.083	0.106	0.083
0.713	0.096	0.094	0.097
0.103	0.112	0.701	0.084
0.095	0.105	0.698	0.102
0.089	0.683	0.114	0.114
0.081	0.701	0.138	0.080
0.114	0.705	0.098	0.083
0.087	0.690	0.107	0.116
0.101	0.110	0.104	0.685
>GGGGCCCCGG	6-GGGGCCCCGG	7.467022	-155.993621	0	T:7195.0(8.65%),B:5843.6(7.05%),P:1e-67	Tpos:99.2,Tstd:55.4,Bpos:100.8,Bstd:60.7,StrandBias:-0.1,Multiplicity:1.20
0.060	0.144	0.704	0.092
0.109	0.123	0.725	0.043
0.058	0.170	0.751	0.021
0.182	0.218	0.458	0.142
0.046	0.604	0.116	0.234
0.018	0.826	0.121	0.035
0.024	0.717	0.202	0.057
0.090	0.549	0.297	0.064
0.081	0.373	0.536	0.010
0.166	0.137	0.619	0.078
>GCATGCATTC	7-GCATGCATTC	6.852239	-138.781054	0	T:4000.0(4.81%),B:3055.9(3.69%),P:1e-60	Tpos:100.1,Tstd:54.1,Bpos:100.3,Bstd:54.1,StrandBias:0.0,Multiplicity:1.04
0.088	0.081	0.730	0.101
0.053	0.788	0.056	0.103
0.792	0.094	0.056	0.058
0.045	0.046	0.090	0.819
0.057	0.051	0.736	0.156
0.057	0.832	0.028	0.083
0.817	0.063	0.062	0.058
0.048	0.042	0.090	0.820
0.054	0.047	0.010	0.889
0.082	0.779	0.051	0.088
>TCGTTTTAAA	8-TCGTTTTAAA	6.799511	-122.991113	0	T:4576.0(5.50%),B:3617.7(4.37%),P:1e-53	Tpos:98.6,Tstd:54.2,Bpos:100.2,Bstd:62.7,StrandBias:-0.1,Multiplicity:1.06
0.063	0.033	0.110	0.794
0.040	0.862	0.023	0.075
0.039	0.046	0.816	0.099
0.071	0.096	0.100	0.733
0.048	0.072	0.033	0.847
0.047	0.034	0.054	0.865
0.129	0.065	0.037	0.769
0.722	0.073	0.092	0.113
0.782	0.054	0.115	0.049
0.810	0.065	0.041	0.084
>CGTMCGCACT	9-CGTMCGCACT	11.286405	-122.369624	0	T:43.0(0.05%),B:1.0(0.00%),P:1e-53	Tpos:111.1,Tstd:56.2,Bpos:126.0,Bstd:0.0,StrandBias:-0.6,Multiplicity:1.00
0.256	0.676	0.040	0.028
0.001	0.001	0.986	0.012
0.001	0.001	0.092	0.906
0.364	0.387	0.151	0.098
0.001	0.997	0.001	0.001
0.001	0.001	0.906	0.092
0.141	0.711	0.002	0.146
0.632	0.001	0.159	0.208
0.149	0.804	0.005	0.042
0.001	0.001	0.001	0.997
>TTAACGATTA	10-TTAACGATTA	9.301009	-113.653423	0	T:218.0(0.26%),B:65.8(0.08%),P:1e-49	Tpos:109.6,Tstd:56.7,Bpos:89.6,Bstd:51.7,StrandBias:0.3,Multiplicity:1.00
0.065	0.019	0.103	0.813
0.077	0.077	0.032	0.814
0.856	0.041	0.049	0.054
0.878	0.105	0.016	0.001
0.026	0.670	0.033	0.271
0.033	0.297	0.645	0.025
0.704	0.001	0.135	0.160
0.135	0.069	0.175	0.621
0.094	0.028	0.135	0.743
0.803	0.076	0.001	0.120
>CSATCCGMGG	11-CSATCCGMGG	8.691388	-85.512245	0	T:280.0(0.34%),B:116.7(0.14%),P:1e-37	Tpos:96.7,Tstd:54.1,Bpos:106.7,Bstd:59.1,StrandBias:0.1,Multiplicity:1.00
0.001	0.973	0.025	0.001
0.001	0.435	0.563	0.001
0.997	0.001	0.001	0.001
0.001	0.001	0.001	0.997
0.001	0.997	0.001	0.001
0.001	0.997	0.001	0.001
0.001	0.001	0.997	0.001
0.465	0.533	0.001	0.001
0.001	0.001	0.997	0.001
0.001	0.001	0.997	0.001
>GTCGAGCGCT	12-GTCGAGCGCT	2.512553	-69.775524	0	T:79960.0(96.14%),B:78994.1(95.32%),P:1e-30	Tpos:99.8,Tstd:55.7,Bpos:100.3,Bstd:57.3,StrandBias:-0.0,Multiplicity:4.54
0.100	0.100	0.700	0.100
0.100	0.100	0.100	0.700
0.100	0.700	0.100	0.100
0.100	0.100	0.700	0.100
0.700	0.100	0.100	0.100
0.100	0.100	0.700	0.100
0.100	0.700	0.100	0.100
0.100	0.100	0.700	0.100
0.100	0.700	0.100	0.100
0.100	0.100	0.100	0.700
>AAGTAGCCGC	13-AAGTAGCCGC	13.731652	-66.845988	0	T:34.0(0.04%),B:2.4(0.00%),P:1e-29	Tpos:88.9,Tstd:54.7,Bpos:128.0,Bstd:0.0,StrandBias:-1.5,Multiplicity:1.00
0.997	0.001	0.001	0.001
0.997	0.001	0.001	0.001
0.001	0.001	0.901	0.097
0.001	0.001	0.001	0.997
0.997	0.001	0.001	0.001
0.001	0.001	0.997	0.001
0.001	0.997	0.001	0.001
0.001	0.997	0.001	0.001
0.001	0.001	0.997	0.001
0.001	0.997	0.001	0.001
>TKCGAWGTTW	14-TKCGAWGTTW	7.572020	-66.786203	0	T:856.0(1.03%),B:566.2(0.68%),P:1e-29	Tpos:94.2,Tstd:56.2,Bpos:99.3,Bstd:58.3,StrandBias:0.1,Multiplicity:1.00
0.001	0.023	0.042	0.934
0.001	0.106	0.408	0.485
0.001	0.937	0.001	0.061
0.001	0.001	0.997	0.001
0.663	0.151	0.133	0.053
0.404	0.001	0.246	0.349
0.077	0.005	0.906	0.012
0.019	0.150	0.250	0.581
0.221	0.041	0.017	0.721
0.356	0.045	0.119	0.480
>CGSACWTWAA	15-CGSACWTWAA	8.229612	-65.766962	0	T:500.0(0.60%),B:289.2(0.35%),P:1e-28	Tpos:91.7,Tstd:56.1,Bpos:92.7,Bstd:58.3,StrandBias:-0.8,Multiplicity:1.01
0.001	0.767	0.114	0.118
0.047	0.001	0.951	0.001
0.002	0.496	0.465	0.037
0.893	0.057	0.049	0.001
0.187	0.668	0.103	0.042
0.477	0.029	0.001	0.493
0.106	0.125	0.111	0.658
0.518	0.001	0.001	0.480
0.655	0.015	0.321	0.009
0.997	0.001	0.001	0.001
>GTCCGAACTG	16-GTCCGAACTG	10.296193	-61.212186	0	T:32.0(0.04%),B:2.3(0.00%),P:1e-26	Tpos:108.8,Tstd:58.4,Bpos:95.9,Bstd:44.0,StrandBias:-2.4,Multiplicity:1.00
0.100	0.100	0.700	0.100
0.100	0.100	0.100	0.700
0.100	0.700	0.100	0.100
0.100	0.700	0.100	0.100
0.100	0.100	0.700	0.100
0.700	0.100	0.100	0.100
0.700	0.100	0.100	0.100
0.100	0.700	0.100	0.100
0.100	0.100	0.100	0.700
0.100	0.100	0.700	0.100
>AGCAGACGCG	17-AGCAGACGCG	13.828877	-58.337277	0	T:59.0(0.07%),B:10.6(0.01%),P:1e-25	Tpos:87.8,Tstd:70.7,Bpos:114.0,Bstd:0.0,StrandBias:-2.1,Multiplicity:1.00
0.997	0.001	0.001	0.001
0.001	0.001	0.997	0.001
0.001	0.997	0.001	0.001
0.997	0.001	0.001	0.001
0.001	0.001	0.993	0.005
0.997	0.001	0.001	0.001
0.001	0.997	0.001	0.001
0.001	0.001	0.997	0.001
0.001	0.997	0.001	0.001
0.001	0.001	0.997	0.001
>CCGAGATTTT	18-CCGAGATTTT	10.296193	-55.701090	0	T:30.0(0.04%),B:2.6(0.00%),P:1e-24	Tpos:86.0,Tstd:44.7,Bpos:76.5,Bstd:73.7,StrandBias:2.3,Multiplicity:1.00
0.100	0.700	0.100	0.100
0.100	0.700	0.100	0.100
0.100	0.100	0.700	0.100
0.700	0.100	0.100	0.100
0.100	0.100	0.700	0.100
0.700	0.100	0.100	0.100
0.100	0.100	0.100	0.700
0.100	0.100	0.100	0.700
0.100	0.100	0.100	0.700
0.100	0.100	0.100	0.700
>CGAATTCCTG	19-CGAATTCCTG	8.537585	-37.298302	0	T:44.0(0.05%),B:9.1(0.01%),P:1e-16	Tpos:120.9,Tstd:64.4,Bpos:90.0,Bstd:97.6,StrandBias:1.6,Multiplicity:1.00
0.001	0.997	0.001	0.001
0.001	0.001	0.997	0.001
0.997	0.001	0.001	0.001
0.997	0.001	0.001	0.001
0.001	0.001	0.001	0.997
0.001	0.001	0.001	0.997
0.001	0.997	0.001	0.001
0.001	0.993	0.005	0.001
0.001	0.001	0.001	0.997
0.001	0.001	0.997	0.001
>TTCTAGACCC	20-TTCTAGACCC	9.761360	-30.740358	0	T:101.0(0.12%),B:43.7(0.05%),P:1e-13	Tpos:96.9,Tstd:49.0,Bpos:129.5,Bstd:57.8,StrandBias:0.1,Multiplicity:1.00
0.001	0.017	0.001	0.981
0.001	0.001	0.001	0.997
0.001	0.997	0.001	0.001
0.001	0.001	0.001	0.997
0.997	0.001	0.001	0.001
0.001	0.001	0.997	0.001
0.997	0.001	0.001	0.001
0.001	0.997	0.001	0.001
0.001	0.997	0.001	0.001
0.001	0.997	0.001	0.001
>TTGAGCCCTG	21-TTGAGCCCTG	7.051845	-28.439976	0	T:5592.0(6.72%),B:5072.6(6.12%),P:1e-12	Tpos:100.6,Tstd:58.3,Bpos:99.9,Bstd:57.2,StrandBias:-0.0,Multiplicity:1.02
0.024	0.220	0.043	0.713
0.001	0.001	0.001	0.997
0.055	0.072	0.700	0.173
0.584	0.217	0.041	0.158
0.219	0.052	0.612	0.117
0.238	0.456	0.215	0.092
0.001	0.981	0.001	0.017
0.137	0.534	0.138	0.191
0.248	0.148	0.189	0.415
0.001	0.001	0.997	0.001
>CTTAAGCTGC	22-CTTAAGCTGC	10.296193	-25.079491	0	T:38.0(0.05%),B:10.2(0.01%),P:1e-10	Tpos:105.1,Tstd:69.1,Bpos:47.5,Bstd:49.1,StrandBias:0.7,Multiplicity:1.00
0.100	0.700	0.100	0.100
0.100	0.100	0.100	0.700
0.100	0.100	0.100	0.700
0.700	0.100	0.100	0.100
0.700	0.100	0.100	0.100
0.100	0.100	0.700	0.100
0.100	0.700	0.100	0.100
0.100	0.100	0.100	0.700
0.100	0.100	0.700	0.100
0.100	0.700	0.100	0.100
>CTAATTGGGC	23-CTAATTGGGC	10.296193	-18.573089	0	T:29.0(0.03%),B:8.1(0.01%),P:1e-8	Tpos:89.8,Tstd:48.9,Bpos:70.9,Bstd:41.7,StrandBias:0.9,Multiplicity:1.00
0.100	0.700	0.100	0.100
0.100	0.100	0.100	0.700
0.700	0.100	0.100	0.100
0.700	0.100	0.100	0.100
0.100	0.100	0.100	0.700
0.100	0.100	0.100	0.700
0.100	0.100	0.700	0.100
0.100	0.100	0.700	0.100
0.100	0.100	0.700	0.100
0.100	0.700	0.100	0.100
>GGATCGCAGC	24-GGATCGCAGC	10.296193	-18.243343	0	T:55.0(0.07%),B:23.8(0.03%),P:1e-7	Tpos:142.7,Tstd:44.7,Bpos:51.4,Bstd:41.3,StrandBias:1.9,Multiplicity:1.00
0.100	0.100	0.700	0.100
0.100	0.100	0.700	0.100
0.700	0.100	0.100	0.100
0.100	0.100	0.100	0.700
0.100	0.700	0.100	0.100
0.100	0.100	0.700	0.100
0.100	0.700	0.100	0.100
0.700	0.100	0.100	0.100
0.100	0.100	0.700	0.100
0.100	0.700	0.100	0.100
>MRCWCCKWRM	25-MRCWCCKWRM	8.524908	-6.030524	0	T:99.0(0.12%),B:73.0(0.09%),P:1e-2	Tpos:96.0,Tstd:55.6,Bpos:111.2,Bstd:54.5,StrandBias:0.7,Multiplicity:1.00
0.532	0.414	0.028	0.026
0.528	0.016	0.442	0.014
0.014	0.958	0.015	0.013
0.407	0.017	0.047	0.529
0.013	0.960	0.012	0.015
0.014	0.576	0.008	0.402
0.016	0.049	0.527	0.408
0.451	0.015	0.010	0.524
0.403	0.053	0.529	0.015
0.417	0.537	0.023	0.023
