>TGTTTRCAYT	1-TGTTTRCAYT	6.738324	-631.306019	0	T:10334.0(12.43%),B:7257.2(8.76%),P:1e-274	Tpos:100.7,Tstd:54.4,Bpos:100.1,Bstd:58.4,StrandBias:-0.0,Multiplicity:1.13
0.001	0.159	0.001	0.839
0.226	0.001	0.772	0.001
0.001	0.001	0.001	0.997
0.096	0.019	0.140	0.745
0.195	0.001	0.001	0.803
0.493	0.001	0.505	0.001
0.133	0.561	0.076	0.230
0.406	0.209	0.143	0.242
0.097	0.399	0.047	0.456
0.422	0.001	0.001	0.576
>TGRACTTTGN	2-TGRACTTTGN	6.360939	-520.578426	0	T:10955.0(13.17%),B:8049.7(9.71%),P:1e-226	Tpos:100.2,Tstd:54.7,Bpos:100.3,Bstd:56.6,StrandBias:-0.0,Multiplicity:1.06
0.063	0.281	0.021	0.635
0.026	0.001	0.906	0.067
0.343	0.215	0.417	0.025
0.750	0.182	0.001	0.067
0.023	0.937	0.035	0.005
0.015	0.200	0.039	0.746
0.001	0.086	0.001	0.912
0.066	0.121	0.230	0.583
0.213	0.095	0.676	0.016
0.234	0.227	0.279	0.260
>AGTTCAAAGK	3-AGTTCAAAGK	6.070213	-461.021011	0	T:12346.0(14.84%),B:9431.4(11.38%),P:1e-200	Tpos:99.9,Tstd:54.9,Bpos:99.8,Bstd:56.8,StrandBias:-0.0,Multiplicity:1.12
0.500	0.121	0.248	0.132
0.034	0.199	0.764	0.003
0.271	0.156	0.107	0.466
0.138	0.186	0.194	0.482
0.158	0.754	0.023	0.065
0.965	0.008	0.023	0.004
0.676	0.127	0.186	0.011
0.688	0.008	0.186	0.118
0.052	0.130	0.766	0.052
0.180	0.166	0.260	0.394
>CMCCTAGTGG	4-CMCCTAGTGG	7.596309	-225.882559	0	T:3245.0(3.90%),B:2194.8(2.65%),P:1e-98	Tpos:97.5,Tstd:55.2,Bpos:100.1,Bstd:54.4,StrandBias:0.0,Multiplicity:1.02
0.041	0.666	0.218	0.075
0.465	0.468	0.026	0.040
0.180	0.523	0.006	0.291
0.063	0.838	0.060	0.039
0.001	0.138	0.135	0.726
0.593	0.001	0.208	0.198
0.015	0.204	0.763	0.018
0.050	0.047	0.045	0.858
0.099	0.027	0.852	0.022
0.166	0.135	0.629	0.070
>AAAGGCCCCT	5-AAAGGCCCCT	4.701263	-198.812282	0	T:24324.0(29.25%),B:21712.5(26.20%),P:1e-86	Tpos:100.7,Tstd:54.6,Bpos:99.5,Bstd:57.2,StrandBias:-0.0,Multiplicity:1.19
0.698	0.096	0.101	0.105
0.728	0.083	0.106	0.083
0.713	0.096	0.094	0.097
0.103	0.112	0.701	0.084
0.095	0.105	0.698	0.102
0.089	0.683	0.114	0.114
0.081	0.701	0.138	0.080
0.114	0.705	0.098	0.083
0.087	0.690	0.107	0.116
0.101	0.110	0.104	0.685
>GGGGCCCCGG	6-GGGGCCCCGG	7.467022	-155.993621	0	T:7195.0(8.65%),B:5843.6(7.05%),P:1e-67	Tpos:99.2,Tstd:55.4,Bpos:100.8,Bstd:60.7,StrandBias:-0.1,Multiplicity:1.20
0.060	0.144	0.704	0.092
0.109	0.123	0.725	0.043
0.058	0.170	0.751	0.021
0.182	0.218	0.458	0.142
0.046	0.604	0.116	0.234
0.018	0.826	0.121	0.035
0.024	0.717	0.202	0.057
0.090	0.549	0.297	0.064
0.081	0.373	0.536	0.010
0.166	0.137	0.619	0.078
>GCATGCATTC	7-GCATGCATTC	6.852239	-138.781054	0	T:4000.0(4.81%),B:3055.9(3.69%),P:1e-60	Tpos:100.1,Tstd:54.1,Bpos:100.3,Bstd:54.1,StrandBias:0.0,Multiplicity:1.04
0.088	0.081	0.730	0.101
0.053	0.788	0.056	0.103
0.792	0.094	0.056	0.058
0.045	0.046	0.090	0.819
0.057	0.051	0.736	0.156
0.057	0.832	0.028	0.083
0.817	0.063	0.062	0.058
0.048	0.042	0.090	0.820
0.054	0.047	0.010	0.889
0.082	0.779	0.051	0.088
>TCGTTTTAAA	8-TCGTTTTAAA	6.799511	-122.991113	0	T:4576.0(5.50%),B:3617.7(4.37%),P:1e-53	Tpos:98.6,Tstd:54.2,Bpos:100.2,Bstd:62.7,StrandBias:-0.1,Multiplicity:1.06
0.063	0.033	0.110	0.794
0.040	0.862	0.023	0.075
0.039	0.046	0.816	0.099
0.071	0.096	0.100	0.733
0.048	0.072	0.033	0.847
0.047	0.034	0.054	0.865
0.129	0.065	0.037	0.769
0.722	0.073	0.092	0.113
0.782	0.054	0.115	0.049
0.810	0.065	0.041	0.084
>CGTMCGCACT	9-CGTMCGCACT	11.286405	-122.369624	0	T:43.0(0.05%),B:1.0(0.00%),P:1e-53	Tpos:111.1,Tstd:56.2,Bpos:126.0,Bstd:0.0,StrandBias:-0.6,Multiplicity:1.00
0.256	0.676	0.040	0.028
0.001	0.001	0.986	0.012
0.001	0.001	0.092	0.906
0.364	0.387	0.151	0.098
0.001	0.997	0.001	0.001
0.001	0.001	0.906	0.092
0.141	0.711	0.002	0.146
0.632	0.001	0.159	0.208
0.149	0.804	0.005	0.042
0.001	0.001	0.001	0.997
>TTAACGATTA	10-TTAACGATTA	9.301009	-113.653423	0	T:218.0(0.26%),B:65.8(0.08%),P:1e-49	Tpos:109.6,Tstd:56.7,Bpos:89.6,Bstd:51.7,StrandBias:0.3,Multiplicity:1.00
0.065	0.019	0.103	0.813
0.077	0.077	0.032	0.814
0.856	0.041	0.049	0.054
0.878	0.105	0.016	0.001
0.026	0.670	0.033	0.271
0.033	0.297	0.645	0.025
0.704	0.001	0.135	0.160
0.135	0.069	0.175	0.621
0.094	0.028	0.135	0.743
0.803	0.076	0.001	0.120
>CSATCCGMGG	11-CSATCCGMGG	8.691388	-85.512245	0	T:280.0(0.34%),B:116.7(0.14%),P:1e-37	Tpos:96.7,Tstd:54.1,Bpos:106.7,Bstd:59.1,StrandBias:0.1,Multiplicity:1.00
0.001	0.973	0.025	0.001
0.001	0.435	0.563	0.001
0.997	0.001	0.001	0.001
0.001	0.001	0.001	0.997
0.001	0.997	0.001	0.001
0.001	0.997	0.001	0.001
0.001	0.001	0.997	0.001
0.465	0.533	0.001	0.001
0.001	0.001	0.997	0.001
0.001	0.001	0.997	0.001
>GTCGAGCGCT	12-GTCGAGCGCT	2.512553	-69.775524	0	T:79960.0(96.14%),B:78994.1(95.32%),P:1e-30	Tpos:99.8,Tstd:55.7,Bpos:100.3,Bstd:57.3,StrandBias:-0.0,Multiplicity:4.54
0.100	0.100	0.700	0.100
0.100	0.100	0.100	0.700
0.100	0.700	0.100	0.100
0.100	0.100	0.700	0.100
0.700	0.100	0.100	0.100
0.100	0.100	0.700	0.100
0.100	0.700	0.100	0.100
0.100	0.100	0.700	0.100
0.100	0.700	0.100	0.100
0.100	0.100	0.100	0.700
>AAGTAGCCGC	13-AAGTAGCCGC	13.731652	-66.845988	0	T:34.0(0.04%),B:2.4(0.00%),P:1e-29	Tpos:88.9,Tstd:54.7,Bpos:128.0,Bstd:0.0,StrandBias:-1.5,Multiplicity:1.00
0.997	0.001	0.001	0.001
0.997	0.001	0.001	0.001
0.001	0.001	0.901	0.097
0.001	0.001	0.001	0.997
0.997	0.001	0.001	0.001
0.001	0.001	0.997	0.001
0.001	0.997	0.001	0.001
0.001	0.997	0.001	0.001
0.001	0.001	0.997	0.001
0.001	0.997	0.001	0.001
>TKCGAWGTTW	14-TKCGAWGTTW	7.572020	-66.786203	0	T:856.0(1.03%),B:566.2(0.68%),P:1e-29	Tpos:94.2,Tstd:56.2,Bpos:99.3,Bstd:58.3,StrandBias:0.1,Multiplicity:1.00
0.001	0.023	0.042	0.934
0.001	0.106	0.408	0.485
0.001	0.937	0.001	0.061
0.001	0.001	0.997	0.001
0.663	0.151	0.133	0.053
0.404	0.001	0.246	0.349
0.077	0.005	0.906	0.012
0.019	0.150	0.250	0.581
0.221	0.041	0.017	0.721
0.356	0.045	0.119	0.480
>CGSACWTWAA	15-CGSACWTWAA	8.229612	-65.766962	0	T:500.0(0.60%),B:289.2(0.35%),P:1e-28	Tpos:91.7,Tstd:56.1,Bpos:92.7,Bstd:58.3,StrandBias:-0.8,Multiplicity:1.01
0.001	0.767	0.114	0.118
0.047	0.001	0.951	0.001
0.002	0.496	0.465	0.037
0.893	0.057	0.049	0.001
0.187	0.668	0.103	0.042
0.477	0.029	0.001	0.493
0.106	0.125	0.111	0.658
0.518	0.001	0.001	0.480
0.655	0.015	0.321	0.009
0.997	0.001	0.001	0.001
>GTCCGAACTG	16-GTCCGAACTG	10.296193	-61.212186	0	T:32.0(0.04%),B:2.3(0.00%),P:1e-26	Tpos:108.8,Tstd:58.4,Bpos:95.9,Bstd:44.0,StrandBias:-2.4,Multiplicity:1.00
0.100	0.100	0.700	0.100
0.100	0.100	0.100	0.700
0.100	0.700	0.100	0.100
0.100	0.700	0.100	0.100
0.100	0.100	0.700	0.100
0.700	0.100	0.100	0.100
0.700	0.100	0.100	0.100
0.100	0.700	0.100	0.100
0.100	0.100	0.100	0.700
0.100	0.100	0.700	0.100
>AGCAGACGCG	17-AGCAGACGCG	13.828877	-58.337277	0	T:59.0(0.07%),B:10.6(0.01%),P:1e-25	Tpos:87.8,Tstd:70.7,Bpos:114.0,Bstd:0.0,StrandBias:-2.1,Multiplicity:1.00
0.997	0.001	0.001	0.001
0.001	0.001	0.997	0.001
0.001	0.997	0.001	0.001
0.997	0.001	0.001	0.001
0.001	0.001	0.993	0.005
0.997	0.001	0.001	0.001
0.001	0.997	0.001	0.001
0.001	0.001	0.997	0.001
0.001	0.997	0.001	0.001
0.001	0.001	0.997	0.001
>CCGAGATTTT	18-CCGAGATTTT	10.296193	-55.701090	0	T:30.0(0.04%),B:2.6(0.00%),P:1e-24	Tpos:86.0,Tstd:44.7,Bpos:76.5,Bstd:73.7,StrandBias:2.3,Multiplicity:1.00
0.100	0.700	0.100	0.100
0.100	0.700	0.100	0.100
0.100	0.100	0.700	0.100
0.700	0.100	0.100	0.100
0.100	0.100	0.700	0.100
0.700	0.100	0.100	0.100
0.100	0.100	0.100	0.700
0.100	0.100	0.100	0.700
0.100	0.100	0.100	0.700
0.100	0.100	0.100	0.700
>CGAATTCCTG	19-CGAATTCCTG	8.537585	-37.298302	0	T:44.0(0.05%),B:9.1(0.01%),P:1e-16	Tpos:120.9,Tstd:64.4,Bpos:90.0,Bstd:97.6,StrandBias:1.6,Multiplicity:1.00
0.001	0.997	0.001	0.001
0.001	0.001	0.997	0.001
0.997	0.001	0.001	0.001
0.997	0.001	0.001	0.001
0.001	0.001	0.001	0.997
0.001	0.001	0.001	0.997
0.001	0.997	0.001	0.001
0.001	0.993	0.005	0.001
0.001	0.001	0.001	0.997
0.001	0.001	0.997	0.001
>TTCTAGACCC	20-TTCTAGACCC	9.761360	-30.740358	0	T:101.0(0.12%),B:43.7(0.05%),P:1e-13	Tpos:96.9,Tstd:49.0,Bpos:129.5,Bstd:57.8,StrandBias:0.1,Multiplicity:1.00
0.001	0.017	0.001	0.981
0.001	0.001	0.001	0.997
0.001	0.997	0.001	0.001
0.001	0.001	0.001	0.997
0.997	0.001	0.001	0.001
0.001	0.001	0.997	0.001
0.997	0.001	0.001	0.001
0.001	0.997	0.001	0.001
0.001	0.997	0.001	0.001
0.001	0.997	0.001	0.001
>TTGAGCCCTG	21-TTGAGCCCTG	7.051845	-28.439976	0	T:5592.0(6.72%),B:5072.6(6.12%),P:1e-12	Tpos:100.6,Tstd:58.3,Bpos:99.9,Bstd:57.2,StrandBias:-0.0,Multiplicity:1.02
0.024	0.220	0.043	0.713
0.001	0.001	0.001	0.997
0.055	0.072	0.700	0.173
0.584	0.217	0.041	0.158
0.219	0.052	0.612	0.117
0.238	0.456	0.215	0.092
0.001	0.981	0.001	0.017
0.137	0.534	0.138	0.191
0.248	0.148	0.189	0.415
0.001	0.001	0.997	0.001
>CTTAAGCTGC	22-CTTAAGCTGC	10.296193	-25.079491	0	T:38.0(0.05%),B:10.2(0.01%),P:1e-10	Tpos:105.1,Tstd:69.1,Bpos:47.5,Bstd:49.1,StrandBias:0.7,Multiplicity:1.00
0.100	0.700	0.100	0.100
0.100	0.100	0.100	0.700
0.100	0.100	0.100	0.700
0.700	0.100	0.100	0.100
0.700	0.100	0.100	0.100
0.100	0.100	0.700	0.100
0.100	0.700	0.100	0.100
0.100	0.100	0.100	0.700
0.100	0.100	0.700	0.100
0.100	0.700	0.100	0.100
>CTAATTGGGC	23-CTAATTGGGC	10.296193	-18.573089	0	T:29.0(0.03%),B:8.1(0.01%),P:1e-8	Tpos:89.8,Tstd:48.9,Bpos:70.9,Bstd:41.7,StrandBias:0.9,Multiplicity:1.00
0.100	0.700	0.100	0.100
0.100	0.100	0.100	0.700
0.700	0.100	0.100	0.100
0.700	0.100	0.100	0.100
0.100	0.100	0.100	0.700
0.100	0.100	0.100	0.700
0.100	0.100	0.700	0.100
0.100	0.100	0.700	0.100
0.100	0.100	0.700	0.100
0.100	0.700	0.100	0.100
>GGATCGCAGC	24-GGATCGCAGC	10.296193	-18.243343	0	T:55.0(0.07%),B:23.8(0.03%),P:1e-7	Tpos:142.7,Tstd:44.7,Bpos:51.4,Bstd:41.3,StrandBias:1.9,Multiplicity:1.00
0.100	0.100	0.700	0.100
0.100	0.100	0.700	0.100
0.700	0.100	0.100	0.100
0.100	0.100	0.100	0.700
0.100	0.700	0.100	0.100
0.100	0.100	0.700	0.100
0.100	0.700	0.100	0.100
0.700	0.100	0.100	0.100
0.100	0.100	0.700	0.100
0.100	0.700	0.100	0.100
>MRCWCCKWRM	25-MRCWCCKWRM	8.524908	-6.030524	0	T:99.0(0.12%),B:73.0(0.09%),P:1e-2	Tpos:96.0,Tstd:55.6,Bpos:111.2,Bstd:54.5,StrandBias:0.7,Multiplicity:1.00
0.532	0.414	0.028	0.026
0.528	0.016	0.442	0.014
0.014	0.958	0.015	0.013
0.407	0.017	0.047	0.529
0.013	0.960	0.012	0.015
0.014	0.576	0.008	0.402
0.016	0.049	0.527	0.408
0.451	0.015	0.010	0.524
0.403	0.053	0.529	0.015
0.417	0.537	0.023	0.023
>NWNWGYAAAYAD	1-NWNWGYAAAYAD	4.937350	-518.687974	0	T:8924.0(10.73%),B:6309.4(7.61%),P:1e-225	Tpos:99.8,Tstd:53.8,Bpos:101.0,Bstd:58.2,StrandBias:0.0,Multiplicity:1.13
0.294	0.220	0.311	0.175
0.530	0.001	0.001	0.468
0.310	0.170	0.281	0.239
0.501	0.001	0.019	0.479
0.214	0.001	0.784	0.001
0.001	0.535	0.001	0.463
0.997	0.001	0.001	0.001
0.997	0.001	0.001	0.001
0.997	0.001	0.001	0.001
0.001	0.543	0.004	0.452
0.997	0.001	0.001	0.001
0.216	0.182	0.248	0.354
>GATCAAAGTTCA	2-GATCAAAGTTCA	6.081392	-378.393561	0	T:12467.0(14.99%),B:9793.5(11.82%),P:1e-164	Tpos:100.8,Tstd:55.2,Bpos:100.4,Bstd:55.6,StrandBias:0.1,Multiplicity:1.09
0.167	0.094	0.678	0.061
0.620	0.128	0.171	0.081
0.115	0.086	0.241	0.558
0.061	0.764	0.109	0.066
0.823	0.108	0.026	0.043
0.675	0.095	0.196	0.034
0.852	0.020	0.089	0.039
0.094	0.061	0.767	0.078
0.076	0.124	0.203	0.597
0.052	0.151	0.186	0.611
0.097	0.802	0.050	0.051
0.841	0.084	0.017	0.058
>RCCACCAGGGGG	3-RCCACCAGGGGG	9.033957	-327.646810	0	T:3013.0(3.62%),B:1830.2(2.21%),P:1e-142	Tpos:98.9,Tstd:54.1,Bpos:99.0,Bstd:55.7,StrandBias:-0.0,Multiplicity:1.03
0.376	0.068	0.388	0.168
0.057	0.749	0.172	0.022
0.001	0.997	0.001	0.001
0.585	0.156	0.001	0.258
0.001	0.766	0.232	0.001
0.095	0.517	0.021	0.367
0.828	0.046	0.067	0.059
0.002	0.001	0.983	0.014
0.313	0.001	0.685	0.001
0.056	0.001	0.688	0.255
0.044	0.001	0.954	0.001
0.035	0.250	0.689	0.026
>GGTACAAAGTCC	4-GGTACAAAGTCC	7.402004	-314.732185	0	T:3822.0(4.60%),B:2492.9(3.01%),P:1e-136	Tpos:99.7,Tstd:53.7,Bpos:102.4,Bstd:55.9,StrandBias:-0.1,Multiplicity:1.03
0.108	0.048	0.747	0.097
0.083	0.065	0.779	0.073
0.118	0.149	0.143	0.590
0.619	0.136	0.133	0.112
0.077	0.796	0.079	0.048
0.827	0.081	0.043	0.049
0.746	0.100	0.122	0.032
0.822	0.032	0.093	0.053
0.058	0.088	0.808	0.046
0.086	0.090	0.134	0.690
0.058	0.783	0.084	0.075
0.091	0.793	0.034	0.082
>AAAGTTCAAAGT	5-AAAGTTCAAAGT	7.491289	-312.697154	0	T:4964.0(5.97%),B:3433.7(4.14%),P:1e-135	Tpos:98.9,Tstd:52.8,Bpos:101.2,Bstd:57.8,StrandBias:-0.1,Multiplicity:1.07
0.711	0.109	0.144	0.036
0.758	0.112	0.121	0.009
0.828	0.003	0.094	0.075
0.103	0.098	0.707	0.092
0.115	0.116	0.106	0.663
0.087	0.107	0.105	0.701
0.101	0.738	0.056	0.105
0.929	0.052	0.002	0.017
0.783	0.105	0.103	0.009
0.875	0.003	0.103	0.019
0.096	0.066	0.741	0.097
0.153	0.126	0.143	0.578
>SYGCGGGCCACC	6-SYGCGGGCCACC	13.984899	-214.308858	0	T:66.0(0.08%),B:2.0(0.00%),P:1e-93	Tpos:109.4,Tstd:64.8,Bpos:83.3,Bstd:11.8,StrandBias:-0.7,Multiplicity:1.00
0.006	0.399	0.528	0.067
0.013	0.423	0.029	0.535
0.002	0.144	0.815	0.039
0.021	0.923	0.001	0.055
0.001	0.001	0.986	0.012
0.018	0.071	0.910	0.001
0.015	0.001	0.971	0.013
0.058	0.769	0.014	0.159
0.003	0.864	0.084	0.049
0.847	0.001	0.151	0.001
0.001	0.949	0.001	0.049
0.039	0.945	0.015	0.001
>TTAATCATTAAC	7-TTAATCATTAAC	9.118185	-185.869472	0	T:784.0(0.94%),B:363.1(0.44%),P:1e-80	Tpos:100.9,Tstd:55.9,Bpos:99.5,Bstd:57.1,StrandBias:-0.0,Multiplicity:1.02
0.030	0.033	0.054	0.883
0.001	0.019	0.062	0.918
0.946	0.001	0.001	0.052
0.854	0.060	0.016	0.070
0.183	0.124	0.010	0.683
0.124	0.559	0.157	0.160
0.802	0.001	0.066	0.131
0.026	0.009	0.096	0.869
0.001	0.005	0.030	0.964
0.915	0.013	0.002	0.070
0.921	0.046	0.005	0.028
0.118	0.667	0.087	0.128
>RNATTTAACGND	8-RNATTTAACGND	5.335775	-154.109190	0	T:5756.0(6.92%),B:4556.9(5.50%),P:1e-66	Tpos:100.5,Tstd:53.7,Bpos:100.6,Bstd:58.8,StrandBias:-0.1,Multiplicity:1.06
0.314	0.198	0.361	0.127
0.210	0.239	0.314	0.237
0.621	0.074	0.105	0.200
0.193	0.003	0.035	0.769
0.116	0.085	0.221	0.578
0.305	0.079	0.120	0.497
0.835	0.056	0.013	0.096
0.755	0.152	0.042	0.051
0.001	0.962	0.036	0.001
0.001	0.077	0.921	0.001
0.295	0.178	0.284	0.244
0.307	0.153	0.312	0.228
>GAATGAATGCAT	9-GAATGAATGCAT	9.362159	-150.332023	0	T:808.0(0.97%),B:414.0(0.50%),P:1e-65	Tpos:102.2,Tstd:51.8,Bpos:98.2,Bstd:51.0,StrandBias:-0.1,Multiplicity:1.02
0.123	0.036	0.810	0.031
0.881	0.055	0.039	0.025
0.887	0.025	0.074	0.014
0.061	0.025	0.103	0.811
0.067	0.019	0.878	0.036
0.837	0.084	0.033	0.046
0.935	0.014	0.033	0.018
0.070	0.019	0.019	0.892
0.086	0.053	0.831	0.030
0.181	0.618	0.148	0.053
0.852	0.037	0.050	0.061
0.101	0.067	0.063	0.769
>MTTTTACCKGCG	10-MTTTTACCKGCG	8.725809	-128.591806	0	T:67.0(0.08%),B:4.7(0.01%),P:1e-55	Tpos:94.5,Tstd:53.9,Bpos:169.7,Bstd:4.7,StrandBias:1.4,Multiplicity:1.00
0.466	0.329	0.131	0.074
0.079	0.260	0.065	0.596
0.078	0.136	0.151	0.635
0.032	0.131	0.065	0.772
0.126	0.194	0.115	0.565
0.434	0.200	0.113	0.253
0.036	0.812	0.062	0.090
0.107	0.517	0.023	0.353
0.123	0.076	0.468	0.334
0.109	0.282	0.569	0.040
0.273	0.438	0.161	0.128
0.015	0.166	0.635	0.184
>AGCCCGGGATTC	11-AGCCCGGGATTC	13.394263	-126.151247	0	T:44.0(0.05%),B:2.0(0.00%),P:1e-54	Tpos:82.7,Tstd:40.2,Bpos:161.7,Bstd:23.8,StrandBias:0.5,Multiplicity:1.00
0.997	0.001	0.001	0.001
0.001	0.001	0.997	0.001
0.001	0.997	0.001	0.001
0.162	0.836	0.001	0.001
0.256	0.742	0.001	0.001
0.001	0.001	0.997	0.001
0.001	0.001	0.997	0.001
0.001	0.001	0.997	0.001
0.997	0.001	0.001	0.001
0.001	0.001	0.001	0.997
0.029	0.001	0.001	0.969
0.001	0.997	0.001	0.001
>GAYCCCTGGAYA	12-GAYCCCTGGAYA	11.221757	-124.313316	0	T:84.0(0.10%),B:8.4(0.01%),P:1e-53	Tpos:124.3,Tstd:51.5,Bpos:93.0,Bstd:52.8,StrandBias:1.4,Multiplicity:1.00
0.001	0.001	0.997	0.001
0.645	0.338	0.016	0.001
0.001	0.476	0.001	0.522
0.001	0.997	0.001	0.001
0.001	0.997	0.001	0.001
0.001	0.997	0.001	0.001
0.001	0.001	0.001	0.997
0.001	0.001	0.997	0.001
0.001	0.001	0.997	0.001
0.997	0.001	0.001	0.001
0.001	0.548	0.001	0.450
0.997	0.001	0.001	0.001
>CCCGGGGCCCCC	13-CCCGGGGCCCCC	7.299429	-122.158071	0	T:9738.0(11.71%),B:8341.4(10.07%),P:1e-53	Tpos:100.4,Tstd:54.4,Bpos:99.5,Bstd:59.6,StrandBias:-0.0,Multiplicity:1.29
0.075	0.745	0.101	0.079
0.074	0.726	0.114	0.086
0.068	0.764	0.082	0.086
0.088	0.096	0.745	0.071
0.078	0.094	0.773	0.055
0.070	0.091	0.785	0.054
0.096	0.092	0.738	0.074
0.097	0.725	0.085	0.093
0.074	0.760	0.088	0.078
0.070	0.763	0.078	0.089
0.079	0.753	0.099	0.069
0.081	0.721	0.111	0.087
>CCCCCACACCCG	14-CCCCCACACCCG	12.355432	-96.632827	0	T:44.0(0.05%),B:2.8(0.00%),P:1e-41	Tpos:98.3,Tstd:49.2,Bpos:110.6,Bstd:51.1,StrandBias:1.3,Multiplicity:1.00
0.100	0.700	0.100	0.100
0.100	0.700	0.100	0.100
0.100	0.700	0.100	0.100
0.100	0.700	0.100	0.100
0.100	0.700	0.100	0.100
0.700	0.100	0.100	0.100
0.100	0.700	0.100	0.100
0.700	0.100	0.100	0.100
0.100	0.700	0.100	0.100
0.100	0.700	0.100	0.100
0.100	0.700	0.100	0.100
0.100	0.100	0.700	0.100
>ATCATACTGCCG	15-ATCATACTGCCG	11.941577	-96.573748	0	T:36.0(0.04%),B:1.3(0.00%),P:1e-41	Tpos:95.1,Tstd:52.6,Bpos:109.0,Bstd:0.0,StrandBias:1.2,Multiplicity:1.00
0.997	0.001	0.001	0.001
0.001	0.001	0.001	0.997
0.001	0.997	0.001	0.001
0.997	0.001	0.001	0.001
0.001	0.001	0.001	0.997
0.705	0.293	0.001	0.001
0.132	0.798	0.069	0.001
0.069	0.001	0.001	0.929
0.001	0.001	0.997	0.001
0.001	0.997	0.001	0.001
0.024	0.951	0.001	0.024
0.024	0.024	0.745	0.207
>GGGAAGGAGCGG	16-GGGAAGGAGCGG	12.889952	-94.313215	0	T:59.0(0.07%),B:5.5(0.01%),P:1e-40	Tpos:81.7,Tstd:47.8,Bpos:129.9,Bstd:25.9,StrandBias:0.3,Multiplicity:1.00
0.001	0.001	0.997	0.001
0.001	0.001	0.997	0.001
0.001	0.001	0.997	0.001
0.997	0.001	0.001	0.001
0.997	0.001	0.001	0.001
0.001	0.001	0.794	0.204
0.001	0.001	0.997	0.001
0.997	0.001	0.001	0.001
0.001	0.001	0.899	0.099
0.001	0.997	0.001	0.001
0.001	0.001	0.997	0.001
0.001	0.001	0.964	0.034
>CCAGGGACCTCG	17-CCAGGGACCTCG	13.309378	-93.519076	0	T:49.0(0.06%),B:3.8(0.00%),P:1e-40	Tpos:108.5,Tstd:38.9,Bpos:74.5,Bstd:61.6,StrandBias:0.4,Multiplicity:1.00
0.001	0.997	0.001	0.001
0.001	0.997	0.001	0.001
0.997	0.001	0.001	0.001
0.001	0.001	0.607	0.391
0.001	0.001	0.997	0.001
0.001	0.001	0.997	0.001
0.997	0.001	0.001	0.001
0.001	0.997	0.001	0.001
0.314	0.624	0.001	0.061
0.001	0.001	0.001	0.997
0.001	0.997	0.001	0.001
0.001	0.001	0.997	0.001
>CTCTCTTTGTGT	18-CTCTCTTTGTGT	12.994604	-87.435206	0	T:41.0(0.05%),B:2.9(0.00%),P:1e-37	Tpos:83.1,Tstd:51.3,Bpos:87.6,Bstd:24.7,StrandBias:0.5,Multiplicity:1.00
0.001	0.997	0.001	0.001
0.001	0.001	0.001	0.997
0.001	0.997	0.001	0.001
0.001	0.001	0.001	0.997
0.001	0.932	0.066	0.001
0.001	0.001	0.001	0.997
0.001	0.001	0.001	0.997
0.001	0.001	0.001	0.997
0.001	0.001	0.997	0.001
0.001	0.001	0.001	0.997
0.029	0.001	0.969	0.001
0.001	0.001	0.001	0.997
>CTGGGAGAGCCG	19-CTGGGAGAGCCG	10.793339	-82.478417	0	T:45.0(0.05%),B:3.9(0.00%),P:1e-35	Tpos:118.8,Tstd:63.5,Bpos:80.6,Bstd:32.3,StrandBias:2.2,Multiplicity:1.00
0.001	0.995	0.001	0.003
0.001	0.001	0.001	0.997
0.001	0.001	0.997	0.001
0.001	0.001	0.997	0.001
0.001	0.001	0.997	0.001
0.997	0.001	0.001	0.001
0.001	0.001	0.997	0.001
0.997	0.001	0.001	0.001
0.001	0.001	0.997	0.001
0.001	0.997	0.001	0.001
0.001	0.997	0.001	0.001
0.001	0.001	0.997	0.001
>TYTTTTTAAAAA	20-TYTTTTTAAAAA	10.577365	-77.767811	0	T:1162.0(1.40%),B:793.3(0.96%),P:1e-33	Tpos:93.5,Tstd:54.3,Bpos:101.7,Bstd:65.4,StrandBias:-0.1,Multiplicity:1.03
0.166	0.094	0.001	0.739
0.070	0.424	0.045	0.461
0.114	0.001	0.001	0.884
0.001	0.141	0.001	0.857
0.023	0.001	0.128	0.848
0.001	0.001	0.001	0.997
0.176	0.001	0.037	0.786
0.729	0.001	0.058	0.212
0.997	0.001	0.001	0.001
0.730	0.084	0.001	0.185
0.806	0.006	0.001	0.187
0.862	0.001	0.107	0.030
>AGAGGGAGCTCC	21-AGAGGGAGCTCC	11.274646	-75.511522	0	T:37.0(0.04%),B:2.4(0.00%),P:1e-32	Tpos:114.2,Tstd:51.4,Bpos:121.0,Bstd:25.6,StrandBias:0.4,Multiplicity:1.00
0.997	0.001	0.001	0.001
0.001	0.001	0.997	0.001
0.997	0.001	0.001	0.001
0.001	0.001	0.997	0.001
0.001	0.001	0.997	0.001
0.001	0.001	0.997	0.001
0.997	0.001	0.001	0.001
0.001	0.001	0.993	0.005
0.030	0.968	0.001	0.001
0.001	0.001	0.001	0.997
0.001	0.997	0.001	0.001
0.001	0.997	0.001	0.001
>AAAAGTACGGCG	22-AAAAGTACGGCG	9.999233	-71.788944	0	T:41.0(0.05%),B:3.7(0.00%),P:1e-31	Tpos:66.9,Tstd:42.1,Bpos:109.3,Bstd:79.6,StrandBias:0.0,Multiplicity:1.00
0.682	0.130	0.107	0.081
0.690	0.120	0.125	0.065
0.730	0.101	0.113	0.056
0.711	0.074	0.128	0.087
0.119	0.125	0.670	0.086
0.101	0.151	0.150	0.598
0.620	0.135	0.134	0.111
0.133	0.627	0.137	0.103
0.134	0.102	0.651	0.113
0.090	0.095	0.715	0.100
0.124	0.638	0.125	0.113
0.120	0.094	0.669	0.117
>TGCGACTAGCGA	23-TGCGACTAGCGA	11.584707	-71.788944	0	T:41.0(0.05%),B:3.1(0.00%),P:1e-31	Tpos:75.6,Tstd:48.7,Bpos:21.8,Bstd:8.7,StrandBias:0.9,Multiplicity:1.00
0.021	0.001	0.021	0.957
0.005	0.035	0.955	0.005
0.001	0.804	0.148	0.047
0.041	0.043	0.900	0.016
0.720	0.155	0.104	0.021
0.035	0.939	0.021	0.005
0.057	0.030	0.052	0.861
0.735	0.212	0.037	0.016
0.001	0.015	0.983	0.001
0.218	0.681	0.027	0.074
0.042	0.154	0.788	0.016
0.691	0.098	0.206	0.005
>AGAACCTGGGAG	24-AGAACCTGGGAG	15.204115	-65.908643	0	T:47.0(0.06%),B:5.2(0.01%),P:1e-28	Tpos:79.4,Tstd:47.8,Bpos:98.0,Bstd:66.1,StrandBias:0.8,Multiplicity:1.00
0.751	0.001	0.001	0.247
0.001	0.001	0.997	0.001
0.997	0.001	0.001	0.001
0.997	0.001	0.001	0.001
0.001	0.997	0.001	0.001
0.001	0.997	0.001	0.001
0.001	0.001	0.001	0.997
0.001	0.001	0.997	0.001
0.001	0.001	0.997	0.001
0.001	0.001	0.997	0.001
0.997	0.001	0.001	0.001
0.001	0.001	0.997	0.001
>ATCCCATCACAG	25-ATCCCATCACAG	11.280965	-56.342384	0	T:39.0(0.05%),B:4.3(0.01%),P:1e-24	Tpos:85.9,Tstd:43.2,Bpos:66.8,Bstd:36.5,StrandBias:0.2,Multiplicity:1.00
0.997	0.001	0.001	0.001
0.001	0.001	0.001	0.997
0.001	0.997	0.001	0.001
0.001	0.997	0.001	0.001
0.001	0.993	0.001	0.005
0.993	0.001	0.005	0.001
0.001	0.001	0.001	0.997
0.001	0.997	0.001	0.001
0.993	0.001	0.005	0.001
0.001	0.997	0.001	0.001
0.982	0.001	0.016	0.001
0.001	0.001	0.997	0.001
>GTTCAAAG	1-GTTCAAAG	6.648236	-433.899666	0	T:9592.0(11.53%),B:7088.1(8.55%),P:1e-188	Tpos:99.5,Tstd:54.5,Bpos:99.8,Bstd:58.3,StrandBias:-0.0,Multiplicity:1.09
0.025	0.106	0.819	0.050
0.269	0.019	0.014	0.698
0.081	0.051	0.069	0.799
0.001	0.997	0.001	0.001
0.982	0.001	0.016	0.001
0.912	0.036	0.051	0.001
0.957	0.001	0.041	0.001
0.001	0.010	0.988	0.001
>TGTTTRCH	2-TGTTTRCH	6.951951	-397.102478	0	T:7986.0(9.60%),B:5795.3(6.99%),P:1e-172	Tpos:99.8,Tstd:55.0,Bpos:101.0,Bstd:58.8,StrandBias:0.0,Multiplicity:1.11
0.001	0.001	0.001	0.997
0.413	0.001	0.585	0.001
0.001	0.073	0.060	0.866
0.001	0.001	0.154	0.844
0.001	0.001	0.001	0.997
0.538	0.001	0.460	0.001
0.201	0.705	0.001	0.093
0.312	0.347	0.001	0.340
>AAAGTCCA	3-AAAGTCCA	6.826305	-381.445887	0	T:10439.0(12.55%),B:7976.2(9.62%),P:1e-165	Tpos:100.4,Tstd:55.0,Bpos:99.5,Bstd:57.7,StrandBias:-0.1,Multiplicity:1.08
0.824	0.137	0.001	0.038
0.880	0.001	0.118	0.001
0.676	0.001	0.322	0.001
0.001	0.001	0.907	0.091
0.001	0.001	0.001	0.997
0.023	0.803	0.001	0.173
0.313	0.685	0.001	0.001
0.586	0.287	0.066	0.061
>TGACCTTG	4-TGACCTTG	7.629487	-230.225825	0	T:5232.0(6.29%),B:3859.3(4.66%),P:1e-99	Tpos:99.4,Tstd:55.5,Bpos:100.5,Bstd:55.3,StrandBias:-0.2,Multiplicity:1.05
0.001	0.001	0.072	0.926
0.110	0.001	0.877	0.012
0.745	0.022	0.209	0.024
0.022	0.950	0.016	0.012
0.023	0.975	0.001	0.001
0.001	0.085	0.001	0.913
0.001	0.014	0.026	0.959
0.001	0.027	0.908	0.064
>TAWWCGWT	5-TAWWCGWT	4.889444	-217.276419	0	T:12846.0(15.45%),B:10754.2(12.98%),P:1e-94	Tpos:99.8,Tstd:55.3,Bpos:99.8,Bstd:60.1,StrandBias:-0.0,Multiplicity:1.11
0.399	0.001	0.001	0.599
0.464	0.001	0.244	0.292
0.502	0.001	0.008	0.489
0.311	0.112	0.164	0.413
0.001	0.997	0.001	0.001
0.001	0.001	0.997	0.001
0.407	0.053	0.079	0.462
0.213	0.001	0.260	0.526
>GGCCTCTG	6-GGCCTCTG	6.876750	-180.774533	0	T:14352.0(17.26%),B:12336.4(14.89%),P:1e-78	Tpos:101.3,Tstd:56.6,Bpos:100.0,Bstd:57.6,StrandBias:0.0,Multiplicity:1.12
0.030	0.058	0.911	0.001
0.084	0.169	0.735	0.012
0.093	0.864	0.042	0.001
0.001	0.997	0.001	0.001
0.030	0.036	0.001	0.933
0.001	0.980	0.001	0.018
0.033	0.001	0.034	0.932
0.001	0.053	0.825	0.121
>CGTTTAAA	7-CGTTTAAA	4.883149	-175.716620	0	T:15388.0(18.50%),B:13337.1(16.09%),P:1e-76	Tpos:98.9,Tstd:54.9,Bpos:99.9,Bstd:61.8,StrandBias:-0.0,Multiplicity:1.18
0.069	0.758	0.070	0.103
0.024	0.061	0.770	0.145
0.061	0.077	0.111	0.751
0.072	0.075	0.066	0.787
0.105	0.039	0.156	0.700
0.662	0.091	0.122	0.125
0.806	0.069	0.074	0.051
0.767	0.085	0.038	0.110
>GAATGCAT	8-GAATGCAT	4.759459	-174.970540	0	T:22720.0(27.32%),B:20323.2(24.52%),P:1e-75	Tpos:99.2,Tstd:55.3,Bpos:100.7,Bstd:55.7,StrandBias:-0.0,Multiplicity:1.23
0.058	0.135	0.758	0.049
0.788	0.050	0.065	0.097
0.750	0.130	0.077	0.043
0.056	0.081	0.012	0.851
0.114	0.060	0.800	0.026
0.135	0.728	0.049	0.088
0.677	0.087	0.142	0.094
0.077	0.180	0.096	0.647
>TCTAGBGG	9-TCTAGBGG	5.165920	-161.957379	0	T:23331.0(28.05%),B:20999.5(25.34%),P:1e-70	Tpos:99.7,Tstd:56.0,Bpos:100.5,Bstd:56.9,StrandBias:-0.0,Multiplicity:1.16
0.176	0.265	0.001	0.558
0.001	0.896	0.074	0.029
0.001	0.194	0.001	0.804
0.753	0.001	0.245	0.001
0.069	0.226	0.610	0.095
0.145	0.349	0.212	0.294
0.134	0.173	0.692	0.001
0.095	0.239	0.609	0.057
>CGAATTAC	10-CGAATTAC	5.392047	-156.845981	0	T:3538.0(4.25%),B:2602.9(3.14%),P:1e-68	Tpos:99.7,Tstd:55.9,Bpos:98.3,Bstd:59.5,StrandBias:-0.0,Multiplicity:1.02
0.083	0.790	0.077	0.050
0.012	0.032	0.912	0.044
0.726	0.063	0.067	0.144
0.772	0.056	0.077	0.095
0.132	0.062	0.102	0.704
0.125	0.074	0.083	0.718
0.714	0.087	0.085	0.114
0.120	0.666	0.161	0.053
>CACAAAGG	11-CACAAAGG	7.569101	-143.387656	0	T:4568.0(5.49%),B:3539.1(4.27%),P:1e-62	Tpos:100.2,Tstd:55.1,Bpos:100.6,Bstd:58.2,StrandBias:0.0,Multiplicity:1.03
0.001	0.868	0.130	0.001
0.829	0.001	0.001	0.169
0.001	0.997	0.001	0.001
0.943	0.001	0.055	0.001
0.997	0.001	0.001	0.001
0.997	0.001	0.001	0.001
0.001	0.001	0.997	0.001
0.001	0.113	0.756	0.130
>AACAAACA	12-AACAAACA	5.524515	-143.319773	0	T:11942.0(14.36%),B:10282.3(12.41%),P:1e-62	Tpos:99.9,Tstd:55.8,Bpos:100.4,Bstd:59.7,StrandBias:0.0,Multiplicity:1.17
0.863	0.036	0.060	0.041
0.931	0.001	0.001	0.067
0.037	0.929	0.001	0.033
0.943	0.030	0.012	0.015
0.949	0.001	0.049	0.001
0.934	0.001	0.024	0.041
0.030	0.772	0.066	0.132
0.978	0.001	0.001	0.020
>AAATWCCG	13-AAATWCCG	6.431636	-108.203501	0	T:5944.0(7.15%),B:4911.2(5.93%),P:1e-46	Tpos:98.6,Tstd:54.5,Bpos:98.1,Bstd:59.4,StrandBias:0.0,Multiplicity:1.04
0.665	0.001	0.001	0.333
0.856	0.139	0.004	0.001
0.997	0.001	0.001	0.001
0.149	0.094	0.001	0.756
0.450	0.151	0.079	0.320
0.001	0.997	0.001	0.001
0.001	0.813	0.185	0.001
0.001	0.001	0.685	0.313
>YGGAATKC	14-YGGAATKC	5.535895	-105.026726	0	T:3711.0(4.46%),B:2913.4(3.52%),P:1e-45	Tpos:100.4,Tstd:55.7,Bpos:98.7,Bstd:57.1,StrandBias:-0.1,Multiplicity:1.02
0.001	0.442	0.001	0.556
0.001	0.001	0.997	0.001
0.019	0.001	0.979	0.001
0.997	0.001	0.001	0.001
0.984	0.014	0.001	0.001
0.001	0.001	0.001	0.997
0.001	0.001	0.484	0.514
0.001	0.997	0.001	0.001
>GAACAAYS	15-GAACAAYS	7.275165	-99.939590	0	T:2768.0(3.33%),B:2101.7(2.54%),P:1e-43	Tpos:99.3,Tstd:55.8,Bpos:99.4,Bstd:57.7,StrandBias:0.1,Multiplicity:1.02
0.235	0.001	0.499	0.265
0.811	0.032	0.001	0.156
0.997	0.001	0.001	0.001
0.001	0.889	0.001	0.109
0.717	0.001	0.185	0.097
0.838	0.068	0.093	0.001
0.078	0.424	0.001	0.497
0.077	0.410	0.512	0.001
>CTGCAGGT	16-CTGCAGGT	6.357872	-92.908034	0	T:14435.0(17.36%),B:12967.7(15.65%),P:1e-40	Tpos:100.4,Tstd:56.4,Bpos:99.8,Bstd:58.0,StrandBias:-0.0,Multiplicity:1.11
0.014	0.973	0.001	0.012
0.001	0.017	0.032	0.950
0.014	0.001	0.984	0.001
0.001	0.968	0.030	0.001
0.926	0.001	0.027	0.046
0.001	0.010	0.930	0.059
0.015	0.288	0.675	0.022
0.077	0.178	0.155	0.590
>GGGGCCCC	17-GGGGCCCC	6.319493	-84.553016	0	T:16193.0(19.47%),B:14719.2(17.76%),P:1e-36	Tpos:98.5,Tstd:55.7,Bpos:99.9,Bstd:59.6,StrandBias:-0.0,Multiplicity:1.33
0.124	0.161	0.698	0.017
0.167	0.205	0.605	0.023
0.093	0.121	0.785	0.001
0.161	0.191	0.577	0.071
0.088	0.656	0.142	0.114
0.028	0.915	0.044	0.013
0.024	0.885	0.052	0.039
0.018	0.882	0.071	0.029
>CGGACCCC	18-CGGACCCC	8.198600	-81.794574	0	T:3273.0(3.94%),B:2609.6(3.15%),P:1e-35	Tpos:96.8,Tstd:55.3,Bpos:100.7,Bstd:61.3,StrandBias:-0.1,Multiplicity:1.07
0.001	0.997	0.001	0.001
0.001	0.307	0.691	0.001
0.001	0.001	0.997	0.001
0.997	0.001	0.001	0.001
0.001	0.997	0.001	0.001
0.001	0.997	0.001	0.001
0.001	0.997	0.001	0.001
0.001	0.814	0.001	0.184
>AWCGTCCA	19-AWCGTCCA	7.508513	-76.994979	0	T:987.0(1.19%),B:652.8(0.79%),P:1e-33	Tpos:103.4,Tstd:57.9,Bpos:100.5,Bstd:57.7,StrandBias:-0.2,Multiplicity:1.01
0.553	0.263	0.183	0.001
0.471	0.001	0.001	0.527
0.001	0.997	0.001	0.001
0.001	0.001	0.997	0.001
0.123	0.001	0.001	0.875
0.001	0.585	0.279	0.135
0.076	0.628	0.216	0.080
0.701	0.001	0.001	0.297
>GATAAGCG	20-GATAAGCG	5.152948	-60.252701	0	T:8716.0(10.48%),B:7775.0(9.38%),P:1e-26	Tpos:100.3,Tstd:56.7,Bpos:102.1,Bstd:58.5,StrandBias:-0.0,Multiplicity:1.07
0.059	0.131	0.728	0.082
0.793	0.098	0.042	0.067
0.135	0.030	0.095	0.740
0.580	0.190	0.054	0.176
0.769	0.067	0.069	0.095
0.129	0.082	0.700	0.089
0.108	0.852	0.039	0.001
0.059	0.051	0.839	0.051
>AACTWGCG	21-AACTWGCG	7.911011	-54.330638	0	T:615.0(0.74%),B:396.2(0.48%),P:1e-23	Tpos:105.3,Tstd:54.4,Bpos:99.8,Bstd:59.6,StrandBias:-0.2,Multiplicity:1.01
0.653	0.001	0.001	0.345
0.857	0.084	0.001	0.058
0.058	0.721	0.001	0.220
0.263	0.001	0.151	0.585
0.551	0.001	0.001	0.447
0.036	0.075	0.751	0.138
0.001	0.997	0.001	0.001
0.001	0.001	0.997	0.001
>TGTTAGGA	22-TGTTAGGA	8.536524	-52.194413	0	T:1375.0(1.65%),B:1039.0(1.25%),P:1e-22	Tpos:104.0,Tstd:55.0,Bpos:98.3,Bstd:57.4,StrandBias:0.1,Multiplicity:1.02
0.001	0.001	0.001	0.997
0.001	0.001	0.997	0.001
0.200	0.001	0.001	0.798
0.001	0.001	0.001	0.997
0.882	0.116	0.001	0.001
0.001	0.001	0.997	0.001
0.145	0.001	0.853	0.001
0.997	0.001	0.001	0.001
>ATGTTTGT	23-ATGTTTGT	9.555195	-42.138945	0	T:1406.0(1.69%),B:1098.6(1.33%),P:1e-18	Tpos:82.5,Tstd:66.1,Bpos:88.0,Bstd:86.9,StrandBias:-0.4,Multiplicity:1.00
0.778	0.001	0.001	0.220
0.001	0.001	0.001	0.997
0.001	0.001	0.997	0.001
0.001	0.001	0.001	0.997
0.001	0.001	0.001	0.997
0.001	0.001	0.001	0.997
0.001	0.001	0.997	0.001
0.001	0.001	0.001	0.997
>GGATGGCG	24-GGATGGCG	9.044369	-35.367623	0	T:653.0(0.79%),B:467.4(0.56%),P:1e-15	Tpos:107.8,Tstd:56.9,Bpos:98.0,Bstd:56.6,StrandBias:-0.1,Multiplicity:1.01
0.001	0.001	0.997	0.001
0.001	0.001	0.997	0.001
0.997	0.001	0.001	0.001
0.001	0.001	0.001	0.997
0.001	0.001	0.997	0.001
0.001	0.001	0.866	0.132
0.001	0.997	0.001	0.001
0.001	0.001	0.997	0.001
>TCGTTTTA	25-TCGTTTTA	8.236954	-11.710627	0	T:171.0(0.21%),B:120.6(0.15%),P:1e-5	Tpos:78.8,Tstd:57.7,Bpos:63.1,Bstd:75.4,StrandBias:0.1,Multiplicity:1.00
0.100	0.100	0.100	0.700
0.100	0.700	0.100	0.100
0.100	0.100	0.700	0.100
0.100	0.100	0.100	0.700
0.100	0.100	0.100	0.700
0.100	0.100	0.100	0.700
0.100	0.100	0.100	0.700
0.700	0.100	0.100	0.100
