>NWNWGYAAAYAD	1-NWNWGYAAAYAD	4.937350	-518.687974	0	T:8924.0(10.73%),B:6309.4(7.61%),P:1e-225	Tpos:99.8,Tstd:53.8,Bpos:101.0,Bstd:58.2,StrandBias:0.0,Multiplicity:1.13
0.294	0.220	0.311	0.175
0.530	0.001	0.001	0.468
0.310	0.170	0.281	0.239
0.501	0.001	0.019	0.479
0.214	0.001	0.784	0.001
0.001	0.535	0.001	0.463
0.997	0.001	0.001	0.001
0.997	0.001	0.001	0.001
0.997	0.001	0.001	0.001
0.001	0.543	0.004	0.452
0.997	0.001	0.001	0.001
0.216	0.182	0.248	0.354
>GATCAAAGTTCA	2-GATCAAAGTTCA	6.081392	-378.393561	0	T:12467.0(14.99%),B:9793.5(11.82%),P:1e-164	Tpos:100.8,Tstd:55.2,Bpos:100.4,Bstd:55.6,StrandBias:0.1,Multiplicity:1.09
0.167	0.094	0.678	0.061
0.620	0.128	0.171	0.081
0.115	0.086	0.241	0.558
0.061	0.764	0.109	0.066
0.823	0.108	0.026	0.043
0.675	0.095	0.196	0.034
0.852	0.020	0.089	0.039
0.094	0.061	0.767	0.078
0.076	0.124	0.203	0.597
0.052	0.151	0.186	0.611
0.097	0.802	0.050	0.051
0.841	0.084	0.017	0.058
>RCCACCAGGGGG	3-RCCACCAGGGGG	9.033957	-327.646810	0	T:3013.0(3.62%),B:1830.2(2.21%),P:1e-142	Tpos:98.9,Tstd:54.1,Bpos:99.0,Bstd:55.7,StrandBias:-0.0,Multiplicity:1.03
0.376	0.068	0.388	0.168
0.057	0.749	0.172	0.022
0.001	0.997	0.001	0.001
0.585	0.156	0.001	0.258
0.001	0.766	0.232	0.001
0.095	0.517	0.021	0.367
0.828	0.046	0.067	0.059
0.002	0.001	0.983	0.014
0.313	0.001	0.685	0.001
0.056	0.001	0.688	0.255
0.044	0.001	0.954	0.001
0.035	0.250	0.689	0.026
>GGTACAAAGTCC	4-GGTACAAAGTCC	7.402004	-314.732185	0	T:3822.0(4.60%),B:2492.9(3.01%),P:1e-136	Tpos:99.7,Tstd:53.7,Bpos:102.4,Bstd:55.9,StrandBias:-0.1,Multiplicity:1.03
0.108	0.048	0.747	0.097
0.083	0.065	0.779	0.073
0.118	0.149	0.143	0.590
0.619	0.136	0.133	0.112
0.077	0.796	0.079	0.048
0.827	0.081	0.043	0.049
0.746	0.100	0.122	0.032
0.822	0.032	0.093	0.053
0.058	0.088	0.808	0.046
0.086	0.090	0.134	0.690
0.058	0.783	0.084	0.075
0.091	0.793	0.034	0.082
>AAAGTTCAAAGT	5-AAAGTTCAAAGT	7.491289	-312.697154	0	T:4964.0(5.97%),B:3433.7(4.14%),P:1e-135	Tpos:98.9,Tstd:52.8,Bpos:101.2,Bstd:57.8,StrandBias:-0.1,Multiplicity:1.07
0.711	0.109	0.144	0.036
0.758	0.112	0.121	0.009
0.828	0.003	0.094	0.075
0.103	0.098	0.707	0.092
0.115	0.116	0.106	0.663
0.087	0.107	0.105	0.701
0.101	0.738	0.056	0.105
0.929	0.052	0.002	0.017
0.783	0.105	0.103	0.009
0.875	0.003	0.103	0.019
0.096	0.066	0.741	0.097
0.153	0.126	0.143	0.578
>SYGCGGGCCACC	6-SYGCGGGCCACC	13.984899	-214.308858	0	T:66.0(0.08%),B:2.0(0.00%),P:1e-93	Tpos:109.4,Tstd:64.8,Bpos:83.3,Bstd:11.8,StrandBias:-0.7,Multiplicity:1.00
0.006	0.399	0.528	0.067
0.013	0.423	0.029	0.535
0.002	0.144	0.815	0.039
0.021	0.923	0.001	0.055
0.001	0.001	0.986	0.012
0.018	0.071	0.910	0.001
0.015	0.001	0.971	0.013
0.058	0.769	0.014	0.159
0.003	0.864	0.084	0.049
0.847	0.001	0.151	0.001
0.001	0.949	0.001	0.049
0.039	0.945	0.015	0.001
>TTAATCATTAAC	7-TTAATCATTAAC	9.118185	-185.869472	0	T:784.0(0.94%),B:363.1(0.44%),P:1e-80	Tpos:100.9,Tstd:55.9,Bpos:99.5,Bstd:57.1,StrandBias:-0.0,Multiplicity:1.02
0.030	0.033	0.054	0.883
0.001	0.019	0.062	0.918
0.946	0.001	0.001	0.052
0.854	0.060	0.016	0.070
0.183	0.124	0.010	0.683
0.124	0.559	0.157	0.160
0.802	0.001	0.066	0.131
0.026	0.009	0.096	0.869
0.001	0.005	0.030	0.964
0.915	0.013	0.002	0.070
0.921	0.046	0.005	0.028
0.118	0.667	0.087	0.128
>RNATTTAACGND	8-RNATTTAACGND	5.335775	-154.109190	0	T:5756.0(6.92%),B:4556.9(5.50%),P:1e-66	Tpos:100.5,Tstd:53.7,Bpos:100.6,Bstd:58.8,StrandBias:-0.1,Multiplicity:1.06
0.314	0.198	0.361	0.127
0.210	0.239	0.314	0.237
0.621	0.074	0.105	0.200
0.193	0.003	0.035	0.769
0.116	0.085	0.221	0.578
0.305	0.079	0.120	0.497
0.835	0.056	0.013	0.096
0.755	0.152	0.042	0.051
0.001	0.962	0.036	0.001
0.001	0.077	0.921	0.001
0.295	0.178	0.284	0.244
0.307	0.153	0.312	0.228
>GAATGAATGCAT	9-GAATGAATGCAT	9.362159	-150.332023	0	T:808.0(0.97%),B:414.0(0.50%),P:1e-65	Tpos:102.2,Tstd:51.8,Bpos:98.2,Bstd:51.0,StrandBias:-0.1,Multiplicity:1.02
0.123	0.036	0.810	0.031
0.881	0.055	0.039	0.025
0.887	0.025	0.074	0.014
0.061	0.025	0.103	0.811
0.067	0.019	0.878	0.036
0.837	0.084	0.033	0.046
0.935	0.014	0.033	0.018
0.070	0.019	0.019	0.892
0.086	0.053	0.831	0.030
0.181	0.618	0.148	0.053
0.852	0.037	0.050	0.061
0.101	0.067	0.063	0.769
>MTTTTACCKGCG	10-MTTTTACCKGCG	8.725809	-128.591806	0	T:67.0(0.08%),B:4.7(0.01%),P:1e-55	Tpos:94.5,Tstd:53.9,Bpos:169.7,Bstd:4.7,StrandBias:1.4,Multiplicity:1.00
0.466	0.329	0.131	0.074
0.079	0.260	0.065	0.596
0.078	0.136	0.151	0.635
0.032	0.131	0.065	0.772
0.126	0.194	0.115	0.565
0.434	0.200	0.113	0.253
0.036	0.812	0.062	0.090
0.107	0.517	0.023	0.353
0.123	0.076	0.468	0.334
0.109	0.282	0.569	0.040
0.273	0.438	0.161	0.128
0.015	0.166	0.635	0.184
>AGCCCGGGATTC	11-AGCCCGGGATTC	13.394263	-126.151247	0	T:44.0(0.05%),B:2.0(0.00%),P:1e-54	Tpos:82.7,Tstd:40.2,Bpos:161.7,Bstd:23.8,StrandBias:0.5,Multiplicity:1.00
0.997	0.001	0.001	0.001
0.001	0.001	0.997	0.001
0.001	0.997	0.001	0.001
0.162	0.836	0.001	0.001
0.256	0.742	0.001	0.001
0.001	0.001	0.997	0.001
0.001	0.001	0.997	0.001
0.001	0.001	0.997	0.001
0.997	0.001	0.001	0.001
0.001	0.001	0.001	0.997
0.029	0.001	0.001	0.969
0.001	0.997	0.001	0.001
>GAYCCCTGGAYA	12-GAYCCCTGGAYA	11.221757	-124.313316	0	T:84.0(0.10%),B:8.4(0.01%),P:1e-53	Tpos:124.3,Tstd:51.5,Bpos:93.0,Bstd:52.8,StrandBias:1.4,Multiplicity:1.00
0.001	0.001	0.997	0.001
0.645	0.338	0.016	0.001
0.001	0.476	0.001	0.522
0.001	0.997	0.001	0.001
0.001	0.997	0.001	0.001
0.001	0.997	0.001	0.001
0.001	0.001	0.001	0.997
0.001	0.001	0.997	0.001
0.001	0.001	0.997	0.001
0.997	0.001	0.001	0.001
0.001	0.548	0.001	0.450
0.997	0.001	0.001	0.001
>CCCGGGGCCCCC	13-CCCGGGGCCCCC	7.299429	-122.158071	0	T:9738.0(11.71%),B:8341.4(10.07%),P:1e-53	Tpos:100.4,Tstd:54.4,Bpos:99.5,Bstd:59.6,StrandBias:-0.0,Multiplicity:1.29
0.075	0.745	0.101	0.079
0.074	0.726	0.114	0.086
0.068	0.764	0.082	0.086
0.088	0.096	0.745	0.071
0.078	0.094	0.773	0.055
0.070	0.091	0.785	0.054
0.096	0.092	0.738	0.074
0.097	0.725	0.085	0.093
0.074	0.760	0.088	0.078
0.070	0.763	0.078	0.089
0.079	0.753	0.099	0.069
0.081	0.721	0.111	0.087
>CCCCCACACCCG	14-CCCCCACACCCG	12.355432	-96.632827	0	T:44.0(0.05%),B:2.8(0.00%),P:1e-41	Tpos:98.3,Tstd:49.2,Bpos:110.6,Bstd:51.1,StrandBias:1.3,Multiplicity:1.00
0.100	0.700	0.100	0.100
0.100	0.700	0.100	0.100
0.100	0.700	0.100	0.100
0.100	0.700	0.100	0.100
0.100	0.700	0.100	0.100
0.700	0.100	0.100	0.100
0.100	0.700	0.100	0.100
0.700	0.100	0.100	0.100
0.100	0.700	0.100	0.100
0.100	0.700	0.100	0.100
0.100	0.700	0.100	0.100
0.100	0.100	0.700	0.100
>ATCATACTGCCG	15-ATCATACTGCCG	11.941577	-96.573748	0	T:36.0(0.04%),B:1.3(0.00%),P:1e-41	Tpos:95.1,Tstd:52.6,Bpos:109.0,Bstd:0.0,StrandBias:1.2,Multiplicity:1.00
0.997	0.001	0.001	0.001
0.001	0.001	0.001	0.997
0.001	0.997	0.001	0.001
0.997	0.001	0.001	0.001
0.001	0.001	0.001	0.997
0.705	0.293	0.001	0.001
0.132	0.798	0.069	0.001
0.069	0.001	0.001	0.929
0.001	0.001	0.997	0.001
0.001	0.997	0.001	0.001
0.024	0.951	0.001	0.024
0.024	0.024	0.745	0.207
>GGGAAGGAGCGG	16-GGGAAGGAGCGG	12.889952	-94.313215	0	T:59.0(0.07%),B:5.5(0.01%),P:1e-40	Tpos:81.7,Tstd:47.8,Bpos:129.9,Bstd:25.9,StrandBias:0.3,Multiplicity:1.00
0.001	0.001	0.997	0.001
0.001	0.001	0.997	0.001
0.001	0.001	0.997	0.001
0.997	0.001	0.001	0.001
0.997	0.001	0.001	0.001
0.001	0.001	0.794	0.204
0.001	0.001	0.997	0.001
0.997	0.001	0.001	0.001
0.001	0.001	0.899	0.099
0.001	0.997	0.001	0.001
0.001	0.001	0.997	0.001
0.001	0.001	0.964	0.034
>CCAGGGACCTCG	17-CCAGGGACCTCG	13.309378	-93.519076	0	T:49.0(0.06%),B:3.8(0.00%),P:1e-40	Tpos:108.5,Tstd:38.9,Bpos:74.5,Bstd:61.6,StrandBias:0.4,Multiplicity:1.00
0.001	0.997	0.001	0.001
0.001	0.997	0.001	0.001
0.997	0.001	0.001	0.001
0.001	0.001	0.607	0.391
0.001	0.001	0.997	0.001
0.001	0.001	0.997	0.001
0.997	0.001	0.001	0.001
0.001	0.997	0.001	0.001
0.314	0.624	0.001	0.061
0.001	0.001	0.001	0.997
0.001	0.997	0.001	0.001
0.001	0.001	0.997	0.001
>CTCTCTTTGTGT	18-CTCTCTTTGTGT	12.994604	-87.435206	0	T:41.0(0.05%),B:2.9(0.00%),P:1e-37	Tpos:83.1,Tstd:51.3,Bpos:87.6,Bstd:24.7,StrandBias:0.5,Multiplicity:1.00
0.001	0.997	0.001	0.001
0.001	0.001	0.001	0.997
0.001	0.997	0.001	0.001
0.001	0.001	0.001	0.997
0.001	0.932	0.066	0.001
0.001	0.001	0.001	0.997
0.001	0.001	0.001	0.997
0.001	0.001	0.001	0.997
0.001	0.001	0.997	0.001
0.001	0.001	0.001	0.997
0.029	0.001	0.969	0.001
0.001	0.001	0.001	0.997
>CTGGGAGAGCCG	19-CTGGGAGAGCCG	10.793339	-82.478417	0	T:45.0(0.05%),B:3.9(0.00%),P:1e-35	Tpos:118.8,Tstd:63.5,Bpos:80.6,Bstd:32.3,StrandBias:2.2,Multiplicity:1.00
0.001	0.995	0.001	0.003
0.001	0.001	0.001	0.997
0.001	0.001	0.997	0.001
0.001	0.001	0.997	0.001
0.001	0.001	0.997	0.001
0.997	0.001	0.001	0.001
0.001	0.001	0.997	0.001
0.997	0.001	0.001	0.001
0.001	0.001	0.997	0.001
0.001	0.997	0.001	0.001
0.001	0.997	0.001	0.001
0.001	0.001	0.997	0.001
>TYTTTTTAAAAA	20-TYTTTTTAAAAA	10.577365	-77.767811	0	T:1162.0(1.40%),B:793.3(0.96%),P:1e-33	Tpos:93.5,Tstd:54.3,Bpos:101.7,Bstd:65.4,StrandBias:-0.1,Multiplicity:1.03
0.166	0.094	0.001	0.739
0.070	0.424	0.045	0.461
0.114	0.001	0.001	0.884
0.001	0.141	0.001	0.857
0.023	0.001	0.128	0.848
0.001	0.001	0.001	0.997
0.176	0.001	0.037	0.786
0.729	0.001	0.058	0.212
0.997	0.001	0.001	0.001
0.730	0.084	0.001	0.185
0.806	0.006	0.001	0.187
0.862	0.001	0.107	0.030
>AGAGGGAGCTCC	21-AGAGGGAGCTCC	11.274646	-75.511522	0	T:37.0(0.04%),B:2.4(0.00%),P:1e-32	Tpos:114.2,Tstd:51.4,Bpos:121.0,Bstd:25.6,StrandBias:0.4,Multiplicity:1.00
0.997	0.001	0.001	0.001
0.001	0.001	0.997	0.001
0.997	0.001	0.001	0.001
0.001	0.001	0.997	0.001
0.001	0.001	0.997	0.001
0.001	0.001	0.997	0.001
0.997	0.001	0.001	0.001
0.001	0.001	0.993	0.005
0.030	0.968	0.001	0.001
0.001	0.001	0.001	0.997
0.001	0.997	0.001	0.001
0.001	0.997	0.001	0.001
>AAAAGTACGGCG	22-AAAAGTACGGCG	9.999233	-71.788944	0	T:41.0(0.05%),B:3.7(0.00%),P:1e-31	Tpos:66.9,Tstd:42.1,Bpos:109.3,Bstd:79.6,StrandBias:0.0,Multiplicity:1.00
0.682	0.130	0.107	0.081
0.690	0.120	0.125	0.065
0.730	0.101	0.113	0.056
0.711	0.074	0.128	0.087
0.119	0.125	0.670	0.086
0.101	0.151	0.150	0.598
0.620	0.135	0.134	0.111
0.133	0.627	0.137	0.103
0.134	0.102	0.651	0.113
0.090	0.095	0.715	0.100
0.124	0.638	0.125	0.113
0.120	0.094	0.669	0.117
>TGCGACTAGCGA	23-TGCGACTAGCGA	11.584707	-71.788944	0	T:41.0(0.05%),B:3.1(0.00%),P:1e-31	Tpos:75.6,Tstd:48.7,Bpos:21.8,Bstd:8.7,StrandBias:0.9,Multiplicity:1.00
0.021	0.001	0.021	0.957
0.005	0.035	0.955	0.005
0.001	0.804	0.148	0.047
0.041	0.043	0.900	0.016
0.720	0.155	0.104	0.021
0.035	0.939	0.021	0.005
0.057	0.030	0.052	0.861
0.735	0.212	0.037	0.016
0.001	0.015	0.983	0.001
0.218	0.681	0.027	0.074
0.042	0.154	0.788	0.016
0.691	0.098	0.206	0.005
>AGAACCTGGGAG	24-AGAACCTGGGAG	15.204115	-65.908643	0	T:47.0(0.06%),B:5.2(0.01%),P:1e-28	Tpos:79.4,Tstd:47.8,Bpos:98.0,Bstd:66.1,StrandBias:0.8,Multiplicity:1.00
0.751	0.001	0.001	0.247
0.001	0.001	0.997	0.001
0.997	0.001	0.001	0.001
0.997	0.001	0.001	0.001
0.001	0.997	0.001	0.001
0.001	0.997	0.001	0.001
0.001	0.001	0.001	0.997
0.001	0.001	0.997	0.001
0.001	0.001	0.997	0.001
0.001	0.001	0.997	0.001
0.997	0.001	0.001	0.001
0.001	0.001	0.997	0.001
>ATCCCATCACAG	25-ATCCCATCACAG	11.280965	-56.342384	0	T:39.0(0.05%),B:4.3(0.01%),P:1e-24	Tpos:85.9,Tstd:43.2,Bpos:66.8,Bstd:36.5,StrandBias:0.2,Multiplicity:1.00
0.997	0.001	0.001	0.001
0.001	0.001	0.001	0.997
0.001	0.997	0.001	0.001
0.001	0.997	0.001	0.001
0.001	0.993	0.001	0.005
0.993	0.001	0.005	0.001
0.001	0.001	0.001	0.997
0.001	0.997	0.001	0.001
0.993	0.001	0.005	0.001
0.001	0.997	0.001	0.001
0.982	0.001	0.016	0.001
0.001	0.001	0.997	0.001
