>TGTTTRCAYT	1-TGTTTRCAYT,BestGuess:FOXA1(Forkhead)/LNCAP-FOXA1-ChIP-Seq(GSE27824)/Homer(0.920)	6.738324	-631.306019	0	T:10334.0(12.43%),B:7257.2(8.76%),P:1e-274
0.001	0.159	0.001	0.839
0.226	0.001	0.772	0.001
0.001	0.001	0.001	0.997
0.096	0.019	0.140	0.745
0.195	0.001	0.001	0.803
0.493	0.001	0.505	0.001
0.133	0.561	0.076	0.230
0.406	0.209	0.143	0.242
0.097	0.399	0.047	0.456
0.422	0.001	0.001	0.576
>TGRACTTTGN	2-TGRACTTTGN,BestGuess:HNF4A/MA0114.5/Jaspar(0.934)	6.360939	-520.578426	0	T:10955.0(13.17%),B:8049.7(9.71%),P:1e-226
0.063	0.281	0.021	0.635
0.026	0.001	0.906	0.067
0.343	0.215	0.417	0.025
0.750	0.182	0.001	0.067
0.023	0.937	0.035	0.005
0.015	0.200	0.039	0.746
0.001	0.086	0.001	0.912
0.066	0.121	0.230	0.583
0.213	0.095	0.676	0.016
0.234	0.227	0.279	0.260
>RCCACCAGGGGG	3-RCCACCAGGGGG,BestGuess:CTCF/MA0139.2/Jaspar(0.897)	9.033957	-327.646810	0	T:3013.0(3.62%),B:1830.2(2.21%),P:1e-142
0.376	0.068	0.388	0.168
0.057	0.749	0.172	0.022
0.001	0.997	0.001	0.001
0.585	0.156	0.001	0.258
0.001	0.766	0.232	0.001
0.095	0.517	0.021	0.367
0.828	0.046	0.067	0.059
0.002	0.001	0.983	0.014
0.313	0.001	0.685	0.001
0.056	0.001	0.688	0.255
0.044	0.001	0.954	0.001
0.035	0.250	0.689	0.026
>TAWWCGWT	5-TAWWCGWT,BestGuess:CUX2/MA0755.2/Jaspar(0.708)	4.889444	-217.276419	0	T:12846.0(15.45%),B:10754.2(12.98%),P:1e-94
0.399	0.001	0.001	0.599
0.464	0.001	0.244	0.292
0.502	0.001	0.008	0.489
0.311	0.112	0.164	0.413
0.001	0.997	0.001	0.001
0.001	0.001	0.997	0.001
0.407	0.053	0.079	0.462
0.213	0.001	0.260	0.526
>SYGCGGGCCACC	6-SYGCGGGCCACC,BestGuess:PLAGL2/MA1548.2/Jaspar(0.679)	13.984899	-214.308858	0	T:66.0(0.08%),B:2.0(0.00%),P:1e-93
0.006	0.399	0.528	0.067
0.013	0.423	0.029	0.535
0.002	0.144	0.815	0.039
0.021	0.923	0.001	0.055
0.001	0.001	0.986	0.012
0.018	0.071	0.910	0.001
0.015	0.001	0.971	0.013
0.058	0.769	0.014	0.159
0.003	0.864	0.084	0.049
0.847	0.001	0.151	0.001
0.001	0.949	0.001	0.049
0.039	0.945	0.015	0.001
>AAAGGCCCCT	5-AAAGGCCCCT,BestGuess:LRF(Zf)/Erythroblasts-ZBTB7A-ChIP-Seq(GSE74977)/Homer(0.690)	4.701263	-198.812282	0	T:24324.0(29.25%),B:21712.5(26.20%),P:1e-86
0.698	0.096	0.101	0.105
0.728	0.083	0.106	0.083
0.713	0.096	0.094	0.097
0.103	0.112	0.701	0.084
0.095	0.105	0.698	0.102
0.089	0.683	0.114	0.114
0.081	0.701	0.138	0.080
0.114	0.705	0.098	0.083
0.087	0.690	0.107	0.116
0.101	0.110	0.104	0.685
>TTAATCATTAAC	7-TTAATCATTAAC,BestGuess:HNF1b(Homeobox)/PDAC-HNF1B-ChIP-Seq(GSE64557)/Homer(0.968)	9.118185	-185.869472	0	T:784.0(0.94%),B:363.1(0.44%),P:1e-80
0.030	0.033	0.054	0.883
0.001	0.019	0.062	0.918
0.946	0.001	0.001	0.052
0.854	0.060	0.016	0.070
0.183	0.124	0.010	0.683
0.124	0.559	0.157	0.160
0.802	0.001	0.066	0.131
0.026	0.009	0.096	0.869
0.001	0.005	0.030	0.964
0.915	0.013	0.002	0.070
0.921	0.046	0.005	0.028
0.118	0.667	0.087	0.128
>GAATGCAT	8-GAATGCAT,BestGuess:TEAD1(TEAD)/HepG2-TEAD1-ChIP-Seq(Encode)/Homer(0.774)	4.759459	-174.970540	0	T:22720.0(27.32%),B:20323.2(24.52%),P:1e-75
0.058	0.135	0.758	0.049
0.788	0.050	0.065	0.097
0.750	0.130	0.077	0.043
0.056	0.081	0.012	0.851
0.114	0.060	0.800	0.026
0.135	0.728	0.049	0.088
0.677	0.087	0.142	0.094
0.077	0.180	0.096	0.647
>MTTTTACCKGCG	10-MTTTTACCKGCG,BestGuess:PRDM1(Zf)/Hela-PRDM1-ChIP-Seq(GSE31477)/Homer(0.591)	8.725809	-128.591806	0	T:67.0(0.08%),B:4.7(0.01%),P:1e-55
0.466	0.329	0.131	0.074
0.079	0.260	0.065	0.596
0.078	0.136	0.151	0.635
0.032	0.131	0.065	0.772
0.126	0.194	0.115	0.565
0.434	0.200	0.113	0.253
0.036	0.812	0.062	0.090
0.107	0.517	0.023	0.353
0.123	0.076	0.468	0.334
0.109	0.282	0.569	0.040
0.273	0.438	0.161	0.128
0.015	0.166	0.635	0.184
>AGCCCGGGATTC	11-AGCCCGGGATTC,BestGuess:OTX2/MA0712.3/Jaspar(0.597)	13.394263	-126.151247	0	T:44.0(0.05%),B:2.0(0.00%),P:1e-54
0.997	0.001	0.001	0.001
0.001	0.001	0.997	0.001
0.001	0.997	0.001	0.001
0.162	0.836	0.001	0.001
0.256	0.742	0.001	0.001
0.001	0.001	0.997	0.001
0.001	0.001	0.997	0.001
0.001	0.001	0.997	0.001
0.997	0.001	0.001	0.001
0.001	0.001	0.001	0.997
0.029	0.001	0.001	0.969
0.001	0.997	0.001	0.001
>GAYCCCTGGAYA	12-GAYCCCTGGAYA,BestGuess:CTCFL/MA1102.3/Jaspar(0.701)	11.221757	-124.313316	0	T:84.0(0.10%),B:8.4(0.01%),P:1e-53
0.001	0.001	0.997	0.001
0.645	0.338	0.016	0.001
0.001	0.476	0.001	0.522
0.001	0.997	0.001	0.001
0.001	0.997	0.001	0.001
0.001	0.997	0.001	0.001
0.001	0.001	0.001	0.997
0.001	0.001	0.997	0.001
0.001	0.001	0.997	0.001
0.997	0.001	0.001	0.001
0.001	0.548	0.001	0.450
0.997	0.001	0.001	0.001
>TCGTTTTAAA	8-TCGTTTTAAA,BestGuess:PH0044.1_Homez/Jaspar(0.761)	6.799511	-122.991113	0	T:4576.0(5.50%),B:3617.7(4.37%),P:1e-53
0.063	0.033	0.110	0.794
0.040	0.862	0.023	0.075
0.039	0.046	0.816	0.099
0.071	0.096	0.100	0.733
0.048	0.072	0.033	0.847
0.047	0.034	0.054	0.865
0.129	0.065	0.037	0.769
0.722	0.073	0.092	0.113
0.782	0.054	0.115	0.049
0.810	0.065	0.041	0.084
>CGTMCGCACT	9-CGTMCGCACT,BestGuess:HINFP/MA0131.3/Jaspar(0.757)	11.286405	-122.369624	0	T:43.0(0.05%),B:1.0(0.00%),P:1e-53
0.256	0.676	0.040	0.028
0.001	0.001	0.986	0.012
0.001	0.001	0.092	0.906
0.364	0.387	0.151	0.098
0.001	0.997	0.001	0.001
0.001	0.001	0.906	0.092
0.141	0.711	0.002	0.146
0.632	0.001	0.159	0.208
0.149	0.804	0.005	0.042
0.001	0.001	0.001	0.997
>AAATWCCG	13-AAATWCCG,BestGuess:Pitx1(Homeobox)/Chicken-Pitx1-ChIP-Seq(GSE38910)/Homer(0.770)	6.431636	-108.203501	0	T:5944.0(7.15%),B:4911.2(5.93%),P:1e-46
0.665	0.001	0.001	0.333
0.856	0.139	0.004	0.001
0.997	0.001	0.001	0.001
0.149	0.094	0.001	0.756
0.450	0.151	0.079	0.320
0.001	0.997	0.001	0.001
0.001	0.813	0.185	0.001
0.001	0.001	0.685	0.313
>CCCCCACACCCG	14-CCCCCACACCCG,BestGuess:KLF2/MA1515.2/Jaspar(0.735)	12.355432	-96.632827	0	T:44.0(0.05%),B:2.8(0.00%),P:1e-41
0.100	0.700	0.100	0.100
0.100	0.700	0.100	0.100
0.100	0.700	0.100	0.100
0.100	0.700	0.100	0.100
0.100	0.700	0.100	0.100
0.700	0.100	0.100	0.100
0.100	0.700	0.100	0.100
0.700	0.100	0.100	0.100
0.100	0.700	0.100	0.100
0.100	0.700	0.100	0.100
0.100	0.700	0.100	0.100
0.100	0.100	0.700	0.100
>ATCATACTGCCG	15-ATCATACTGCCG,BestGuess:ZFP57/MA1583.2/Jaspar(0.552)	11.941577	-96.573748	0	T:36.0(0.04%),B:1.3(0.00%),P:1e-41
0.997	0.001	0.001	0.001
0.001	0.001	0.001	0.997
0.001	0.997	0.001	0.001
0.997	0.001	0.001	0.001
0.001	0.001	0.001	0.997
0.705	0.293	0.001	0.001
0.132	0.798	0.069	0.001
0.069	0.001	0.001	0.929
0.001	0.001	0.997	0.001
0.001	0.997	0.001	0.001
0.024	0.951	0.001	0.024
0.024	0.024	0.745	0.207
>GGGAAGGAGCGG	16-GGGAAGGAGCGG,BestGuess:ZNF610/MA1713.2/Jaspar(0.683)	12.889952	-94.313215	0	T:59.0(0.07%),B:5.5(0.01%),P:1e-40
0.001	0.001	0.997	0.001
0.001	0.001	0.997	0.001
0.001	0.001	0.997	0.001
0.997	0.001	0.001	0.001
0.997	0.001	0.001	0.001
0.001	0.001	0.794	0.204
0.001	0.001	0.997	0.001
0.997	0.001	0.001	0.001
0.001	0.001	0.899	0.099
0.001	0.997	0.001	0.001
0.001	0.001	0.997	0.001
0.001	0.001	0.964	0.034
>CCAGGGACCTCG	17-CCAGGGACCTCG,BestGuess:HNF4G/MA0484.3/Jaspar(0.567)	13.309378	-93.519076	0	T:49.0(0.06%),B:3.8(0.00%),P:1e-40
0.001	0.997	0.001	0.001
0.001	0.997	0.001	0.001
0.997	0.001	0.001	0.001
0.001	0.001	0.607	0.391
0.001	0.001	0.997	0.001
0.001	0.001	0.997	0.001
0.997	0.001	0.001	0.001
0.001	0.997	0.001	0.001
0.314	0.624	0.001	0.061
0.001	0.001	0.001	0.997
0.001	0.997	0.001	0.001
0.001	0.001	0.997	0.001
>CTGCAGGT	16-CTGCAGGT,BestGuess:Zic3/MA0697.3/Jaspar(0.771)	6.357872	-92.908034	0	T:14435.0(17.36%),B:12967.7(15.65%),P:1e-40
0.014	0.973	0.001	0.012
0.001	0.017	0.032	0.950
0.014	0.001	0.984	0.001
0.001	0.968	0.030	0.001
0.926	0.001	0.027	0.046
0.001	0.010	0.930	0.059
0.015	0.288	0.675	0.022
0.077	0.178	0.155	0.590
>CTCTCTTTGTGT	18-CTCTCTTTGTGT,BestGuess:SOX10/MA0442.3/Jaspar(0.703)	12.994604	-87.435206	0	T:41.0(0.05%),B:2.9(0.00%),P:1e-37
0.001	0.997	0.001	0.001
0.001	0.001	0.001	0.997
0.001	0.997	0.001	0.001
0.001	0.001	0.001	0.997
0.001	0.932	0.066	0.001
0.001	0.001	0.001	0.997
0.001	0.001	0.001	0.997
0.001	0.001	0.001	0.997
0.001	0.001	0.997	0.001
0.001	0.001	0.001	0.997
0.029	0.001	0.969	0.001
0.001	0.001	0.001	0.997
>CSATCCGMGG	11-CSATCCGMGG,BestGuess:Atoh1/MA1467.3/Jaspar(0.605)	8.691388	-85.512245	0	T:280.0(0.34%),B:116.7(0.14%),P:1e-37
0.001	0.973	0.025	0.001
0.001	0.435	0.563	0.001
0.997	0.001	0.001	0.001
0.001	0.001	0.001	0.997
0.001	0.997	0.001	0.001
0.001	0.997	0.001	0.001
0.001	0.001	0.997	0.001
0.465	0.533	0.001	0.001
0.001	0.001	0.997	0.001
0.001	0.001	0.997	0.001
>CTGGGAGAGCCG	19-CTGGGAGAGCCG,BestGuess:ZNF341(Zf)/EBV-ZNF341-ChIP-Seq(GSE113194)/Homer(0.667)	10.793339	-82.478417	0	T:45.0(0.05%),B:3.9(0.00%),P:1e-35
0.001	0.995	0.001	0.003
0.001	0.001	0.001	0.997
0.001	0.001	0.997	0.001
0.001	0.001	0.997	0.001
0.001	0.001	0.997	0.001
0.997	0.001	0.001	0.001
0.001	0.001	0.997	0.001
0.997	0.001	0.001	0.001
0.001	0.001	0.997	0.001
0.001	0.997	0.001	0.001
0.001	0.997	0.001	0.001
0.001	0.001	0.997	0.001
>CGGACCCC	18-CGGACCCC,BestGuess:ZNF524/MA2096.1/Jaspar(0.787)	8.198600	-81.794574	0	T:3273.0(3.94%),B:2609.6(3.15%),P:1e-35
0.001	0.997	0.001	0.001
0.001	0.307	0.691	0.001
0.001	0.001	0.997	0.001
0.997	0.001	0.001	0.001
0.001	0.997	0.001	0.001
0.001	0.997	0.001	0.001
0.001	0.997	0.001	0.001
0.001	0.814	0.001	0.184
>AGAGGGAGCTCC	21-AGAGGGAGCTCC,BestGuess:POL013.1_MED-1/Jaspar(0.636)	11.274646	-75.511522	0	T:37.0(0.04%),B:2.4(0.00%),P:1e-32
0.997	0.001	0.001	0.001
0.001	0.001	0.997	0.001
0.997	0.001	0.001	0.001
0.001	0.001	0.997	0.001
0.001	0.001	0.997	0.001
0.001	0.001	0.997	0.001
0.997	0.001	0.001	0.001
0.001	0.001	0.993	0.005
0.030	0.968	0.001	0.001
0.001	0.001	0.001	0.997
0.001	0.997	0.001	0.001
0.001	0.997	0.001	0.001
>AAAAGTACGGCG	22-AAAAGTACGGCG,BestGuess:ZNF677/MA2101.1/Jaspar(0.603)	9.999233	-71.788944	0	T:41.0(0.05%),B:3.7(0.00%),P:1e-31
0.682	0.130	0.107	0.081
0.690	0.120	0.125	0.065
0.730	0.101	0.113	0.056
0.711	0.074	0.128	0.087
0.119	0.125	0.670	0.086
0.101	0.151	0.150	0.598
0.620	0.135	0.134	0.111
0.133	0.627	0.137	0.103
0.134	0.102	0.651	0.113
0.090	0.095	0.715	0.100
0.124	0.638	0.125	0.113
0.120	0.094	0.669	0.117
>TGCGACTAGCGA	23-TGCGACTAGCGA,BestGuess:SMAD5/MA1557.1/Jaspar(0.545)	11.584707	-71.788944	0	T:41.0(0.05%),B:3.1(0.00%),P:1e-31
0.021	0.001	0.021	0.957
0.005	0.035	0.955	0.005
0.001	0.804	0.148	0.047
0.041	0.043	0.900	0.016
0.720	0.155	0.104	0.021
0.035	0.939	0.021	0.005
0.057	0.030	0.052	0.861
0.735	0.212	0.037	0.016
0.001	0.015	0.983	0.001
0.218	0.681	0.027	0.074
0.042	0.154	0.788	0.016
0.691	0.098	0.206	0.005
>GTCGAGCGCT	12-GTCGAGCGCT,BestGuess:Nkx2.2(Homeobox)/NPC-Nkx2.2-ChIP-Seq(GSE61673)/Homer(0.616)	2.512553	-69.775524	0	T:79960.0(96.14%),B:78994.1(95.32%),P:1e-30
0.100	0.100	0.700	0.100
0.100	0.100	0.100	0.700
0.100	0.700	0.100	0.100
0.100	0.100	0.700	0.100
0.700	0.100	0.100	0.100
0.100	0.100	0.700	0.100
0.100	0.700	0.100	0.100
0.100	0.100	0.700	0.100
0.100	0.700	0.100	0.100
0.100	0.100	0.100	0.700
>AAGTAGCCGC	13-AAGTAGCCGC,BestGuess:PB0155.1_Osr2_2/Jaspar(0.656)	13.731652	-66.845988	0	T:34.0(0.04%),B:2.4(0.00%),P:1e-29
0.997	0.001	0.001	0.001
0.997	0.001	0.001	0.001
0.001	0.001	0.901	0.097
0.001	0.001	0.001	0.997
0.997	0.001	0.001	0.001
0.001	0.001	0.997	0.001
0.001	0.997	0.001	0.001
0.001	0.997	0.001	0.001
0.001	0.001	0.997	0.001
0.001	0.997	0.001	0.001
>AGAACCTGGGAG	24-AGAACCTGGGAG,BestGuess:Prdm15/MA1616.2/Jaspar(0.648)	15.204115	-65.908643	0	T:47.0(0.06%),B:5.2(0.01%),P:1e-28
0.751	0.001	0.001	0.247
0.001	0.001	0.997	0.001
0.997	0.001	0.001	0.001
0.997	0.001	0.001	0.001
0.001	0.997	0.001	0.001
0.001	0.997	0.001	0.001
0.001	0.001	0.001	0.997
0.001	0.001	0.997	0.001
0.001	0.001	0.997	0.001
0.001	0.001	0.997	0.001
0.997	0.001	0.001	0.001
0.001	0.001	0.997	0.001
>ATCCCATCACAG	25-ATCCCATCACAG,BestGuess:PB0098.1_Zfp410_1/Jaspar(0.720)	11.280965	-56.342384	0	T:39.0(0.05%),B:4.3(0.01%),P:1e-24
0.997	0.001	0.001	0.001
0.001	0.001	0.001	0.997
0.001	0.997	0.001	0.001
0.001	0.997	0.001	0.001
0.001	0.993	0.001	0.005
0.993	0.001	0.005	0.001
0.001	0.001	0.001	0.997
0.001	0.997	0.001	0.001
0.993	0.001	0.005	0.001
0.001	0.997	0.001	0.001
0.982	0.001	0.016	0.001
0.001	0.001	0.997	0.001
>CCGAGATTTT	18-CCGAGATTTT,BestGuess:Gfi1B/MA0483.2/Jaspar(0.714)	10.296193	-55.701090	0	T:30.0(0.04%),B:2.6(0.00%),P:1e-24
0.100	0.700	0.100	0.100
0.100	0.700	0.100	0.100
0.100	0.100	0.700	0.100
0.700	0.100	0.100	0.100
0.100	0.100	0.700	0.100
0.700	0.100	0.100	0.100
0.100	0.100	0.100	0.700
0.100	0.100	0.100	0.700
0.100	0.100	0.100	0.700
0.100	0.100	0.100	0.700
>AACTWGCG	21-AACTWGCG,BestGuess:EPAS1/MA2325.1/Jaspar(0.634)	7.911011	-54.330638	0	T:615.0(0.74%),B:396.2(0.48%),P:1e-23
0.653	0.001	0.001	0.345
0.857	0.084	0.001	0.058
0.058	0.721	0.001	0.220
0.263	0.001	0.151	0.585
0.551	0.001	0.001	0.447
0.036	0.075	0.751	0.138
0.001	0.997	0.001	0.001
0.001	0.001	0.997	0.001
>TGTTAGGA	22-TGTTAGGA,BestGuess:SOX12/MA1561.2/Jaspar(0.674)	8.536524	-52.194413	0	T:1375.0(1.65%),B:1039.0(1.25%),P:1e-22
0.001	0.001	0.001	0.997
0.001	0.001	0.997	0.001
0.200	0.001	0.001	0.798
0.001	0.001	0.001	0.997
0.882	0.116	0.001	0.001
0.001	0.001	0.997	0.001
0.145	0.001	0.853	0.001
0.997	0.001	0.001	0.001
>TTCTAGACCC	20-TTCTAGACCC,BestGuess:ZBTB12(Zf)/HEK293-ZBTB12.GFP-ChIP-Seq(GSE58341)/Homer(0.785)	9.761360	-30.740358	0	T:101.0(0.12%),B:43.7(0.05%),P:1e-13
0.001	0.017	0.001	0.981
0.001	0.001	0.001	0.997
0.001	0.997	0.001	0.001
0.001	0.001	0.001	0.997
0.997	0.001	0.001	0.001
0.001	0.001	0.997	0.001
0.997	0.001	0.001	0.001
0.001	0.997	0.001	0.001
0.001	0.997	0.001	0.001
0.001	0.997	0.001	0.001
>CTTAAGCTGC	22-CTTAAGCTGC,BestGuess:SCL(bHLH)/HPC7-Scl-ChIP-Seq(GSE13511)/Homer(0.614)	10.296193	-25.079491	0	T:38.0(0.05%),B:10.2(0.01%),P:1e-10
0.100	0.700	0.100	0.100
0.100	0.100	0.100	0.700
0.100	0.100	0.100	0.700
0.700	0.100	0.100	0.100
0.700	0.100	0.100	0.100
0.100	0.100	0.700	0.100
0.100	0.700	0.100	0.100
0.100	0.100	0.100	0.700
0.100	0.100	0.700	0.100
0.100	0.700	0.100	0.100
>CTAATTGGGC	23-CTAATTGGGC,BestGuess:PH0089.1_Isx/Jaspar(0.810)	10.296193	-18.573089	0	T:29.0(0.03%),B:8.1(0.01%),P:1e-8
0.100	0.700	0.100	0.100
0.100	0.100	0.100	0.700
0.700	0.100	0.100	0.100
0.700	0.100	0.100	0.100
0.100	0.100	0.100	0.700
0.100	0.100	0.100	0.700
0.100	0.100	0.700	0.100
0.100	0.100	0.700	0.100
0.100	0.100	0.700	0.100
0.100	0.700	0.100	0.100
>GGATCGCAGC	24-GGATCGCAGC,BestGuess:Zfp809/MA2125.1/Jaspar(0.674)	10.296193	-18.243343	0	T:55.0(0.07%),B:23.8(0.03%),P:1e-7
0.100	0.100	0.700	0.100
0.100	0.100	0.700	0.100
0.700	0.100	0.100	0.100
0.100	0.100	0.100	0.700
0.100	0.700	0.100	0.100
0.100	0.100	0.700	0.100
0.100	0.700	0.100	0.100
0.700	0.100	0.100	0.100
0.100	0.100	0.700	0.100
0.100	0.700	0.100	0.100
>MRCWCCKWRM	25-MRCWCCKWRM,BestGuess:POL013.1_MED-1/Jaspar(0.662)	8.524908	-6.030524	0	T:99.0(0.12%),B:73.0(0.09%),P:1e-2
0.532	0.414	0.028	0.026
0.528	0.016	0.442	0.014
0.014	0.958	0.015	0.013
0.407	0.017	0.047	0.529
0.013	0.960	0.012	0.015
0.014	0.576	0.008	0.402
0.016	0.049	0.527	0.408
0.451	0.015	0.010	0.524
0.403	0.053	0.529	0.015
0.417	0.537	0.023	0.023
