>GGGAATTCCCCT	12-AGGGGAATTCCC	8.025858	-170.894642	0	T:3113.0(3.50%),B:2194.9(2.49%),P:1e-74
0.125	0.008	0.758	0.109
0.020	0.001	0.961	0.018
0.124	0.044	0.827	0.005
0.794	0.071	0.132	0.003
0.614	0.181	0.105	0.100
0.119	0.082	0.129	0.670
0.005	0.114	0.120	0.761
0.001	0.692	0.016	0.291
0.008	0.848	0.001	0.143
0.006	0.916	0.001	0.077
0.028	0.813	0.003	0.156
0.201	0.218	0.086	0.495
