>TGGCAGGMAGCC	8-TGGCAGGMAGCC,BestGuess:Tlx?(NR)/NPC-H3K4me1-ChIP-Seq(GSE16256)/Homer(0.860)	6.757506	-306.394107	0	T:12978.0(14.60%),B:10446.3(11.85%),P:1e-133
0.088	0.035	0.084	0.793
0.087	0.042	0.831	0.040
0.077	0.286	0.621	0.016
0.055	0.875	0.063	0.007
0.725	0.016	0.049	0.210
0.152	0.025	0.763	0.060
0.189	0.212	0.585	0.014
0.521	0.381	0.070	0.028
0.480	0.027	0.165	0.329
0.033	0.085	0.746	0.136
0.170	0.651	0.055	0.124
0.053	0.758	0.030	0.159
