>TGACCTTTGGCC	7-TGACCTTTGGCC	6.542827	-366.503819	0	T:12885.0(14.49%),B:10148.1(11.51%),P:1e-159
0.064	0.049	0.057	0.830
0.240	0.034	0.689	0.037
0.449	0.251	0.263	0.038
0.311	0.616	0.030	0.043
0.051	0.875	0.026	0.048
0.026	0.050	0.010	0.914
0.019	0.083	0.057	0.841
0.028	0.026	0.066	0.880
0.030	0.030	0.648	0.292
0.198	0.297	0.455	0.050
0.059	0.667	0.026	0.248
0.249	0.469	0.023	0.259
