>TACGGTAGGGAA	20-TTCCCTACCGTA	11.130180	-109.325314	0	T:85.0(0.10%),B:10.1(0.01%),P:1e-47
0.118	0.071	0.168	0.643
0.774	0.041	0.111	0.074
0.013	0.869	0.104	0.014
0.020	0.020	0.929	0.031
0.015	0.018	0.794	0.173
0.067	0.017	0.196	0.720
0.809	0.027	0.033	0.131
0.033	0.003	0.954	0.010
0.068	0.003	0.914	0.015
0.023	0.008	0.951	0.018
0.881	0.083	0.018	0.018
0.767	0.110	0.085	0.038
