>ATTTCGTAATCG	18-ATTTCGTAATCG	8.502709	-155.158349	0	T:1163.0(1.31%),B:663.0(0.75%),P:1e-67
0.575	0.014	0.410	0.001
0.001	0.114	0.001	0.884
0.001	0.018	0.001	0.980
0.064	0.001	0.011	0.924
0.001	0.842	0.076	0.081
0.169	0.169	0.514	0.148
0.242	0.019	0.053	0.686
0.573	0.216	0.089	0.122
0.795	0.203	0.001	0.001
0.047	0.017	0.001	0.935
0.147	0.581	0.075	0.197
0.206	0.025	0.560	0.209
