>CACTAGAGGGCA	3-CACTAGAGGGCA	9.664487	-1420.301521	0	T:2038.0(2.29%),B:472.1(0.54%),P:1e-616
0.017	0.977	0.005	0.001
0.696	0.141	0.046	0.117
0.060	0.863	0.064	0.013
0.058	0.186	0.082	0.674
0.918	0.042	0.039	0.001
0.122	0.001	0.876	0.001
0.783	0.001	0.212	0.004
0.043	0.001	0.766	0.190
0.132	0.001	0.834	0.033
0.075	0.051	0.815	0.059
0.082	0.860	0.001	0.057
0.871	0.001	0.127	0.001
