>TTTTTTTTTTTT	15-AAAAAAAAAAAA	9.176405	-159.229551	0	T:3655.0(4.11%),B:2682.9(3.04%),P:1e-69
0.187	0.051	0.239	0.523
0.124	0.113	0.195	0.568
0.165	0.021	0.195	0.619
0.071	0.109	0.176	0.644
0.035	0.059	0.153	0.753
0.003	0.065	0.143	0.789
0.084	0.069	0.135	0.712
0.003	0.012	0.090	0.895
0.003	0.034	0.147	0.816
0.001	0.071	0.146	0.782
0.099	0.069	0.046	0.786
0.083	0.179	0.038	0.700
