>GTTAATBATTAA	6-GTTAATBATTAA,BestGuess:HNF1b(Homeobox)/PDAC-HNF1B-ChIP-Seq(GSE64557)/Homer(0.982)	7.081710	-405.374641	0	T:4544.0(5.11%),B:2896.0(3.28%),P:1e-176
0.301	0.054	0.562	0.083
0.058	0.050	0.067	0.825
0.098	0.065	0.076	0.761
0.859	0.052	0.039	0.050
0.835	0.077	0.028	0.060
0.128	0.032	0.037	0.803
0.117	0.264	0.366	0.254
0.728	0.040	0.036	0.196
0.056	0.043	0.067	0.834
0.043	0.031	0.071	0.855
0.718	0.056	0.052	0.174
0.848	0.057	0.031	0.064
