>AGGTCAVTGACC	9-AGGTCAVTGACC	7.459751	-205.168550	0	T:5315.0(5.98%),B:3980.4(4.51%),P:1e-89
0.831	0.001	0.109	0.059
0.069	0.002	0.910	0.019
0.007	0.055	0.903	0.035
0.147	0.085	0.164	0.604
0.031	0.886	0.062	0.021
0.892	0.041	0.024	0.043
0.305	0.297	0.268	0.131
0.139	0.006	0.075	0.780
0.033	0.026	0.925	0.016
0.573	0.157	0.147	0.123
0.107	0.782	0.086	0.025
0.131	0.774	0.003	0.092
