>GTGTTGCAACAC	17-GTGTTGCAACAC	8.270885	-157.278674	0	T:1543.0(1.74%),B:948.9(1.08%),P:1e-68
0.147	0.171	0.536	0.146
0.076	0.025	0.158	0.741
0.173	0.092	0.616	0.119
0.033	0.169	0.006	0.792
0.031	0.001	0.033	0.935
0.047	0.047	0.588	0.318
0.045	0.836	0.063	0.056
0.692	0.279	0.012	0.017
0.807	0.069	0.019	0.105
0.043	0.907	0.049	0.001
0.885	0.066	0.005	0.044
0.102	0.635	0.157	0.106
