>CTGATGTAATCT	11-AGATTACATCAG	7.657366	-177.482122	0	T:1734.0(1.95%),B:1064.5(1.21%),P:1e-77
0.106	0.718	0.100	0.076
0.078	0.024	0.029	0.869
0.064	0.077	0.771	0.088
0.713	0.118	0.085	0.084
0.099	0.049	0.100	0.752
0.063	0.076	0.764	0.097
0.105	0.104	0.083	0.708
0.666	0.154	0.102	0.078
0.779	0.076	0.070	0.075
0.086	0.090	0.084	0.740
0.065	0.746	0.092	0.097
0.112	0.077	0.039	0.772
