>ATGAGTCA	1-ATGAGTCA	6.255256	-1425.266653	0	T:8102.0(9.07%),B:4282.9(4.81%),P:1e-618	Tpos:100.2,Tstd:54.3,Bpos:100.7,Bstd:57.4,StrandBias:0.0,Multiplicity:1.09
0.758	0.105	0.051	0.086
0.001	0.001	0.001	0.997
0.001	0.001	0.963	0.035
0.990	0.001	0.001	0.008
0.028	0.317	0.630	0.025
0.001	0.001	0.001	0.997
0.035	0.963	0.001	0.001
0.997	0.001	0.001	0.001
>TGAAACTA	2-TGAAACTA	6.273371	-851.976538	0	T:12951.0(14.50%),B:8999.2(10.11%),P:1e-370	Tpos:100.8,Tstd:55.4,Bpos:101.1,Bstd:58.7,StrandBias:-0.0,Multiplicity:1.08
0.134	0.230	0.058	0.578
0.053	0.028	0.918	0.001
0.891	0.049	0.021	0.039
0.815	0.056	0.049	0.080
0.890	0.065	0.018	0.027
0.102	0.648	0.242	0.008
0.053	0.289	0.056	0.602
0.657	0.128	0.152	0.063
>AACTGAAA	3-AACTGAAA	6.539155	-841.533984	0	T:13511.0(15.12%),B:9497.5(10.67%),P:1e-365	Tpos:99.8,Tstd:55.5,Bpos:100.2,Bstd:59.4,StrandBias:0.0,Multiplicity:1.15
0.645	0.062	0.075	0.218
0.675	0.047	0.038	0.240
0.133	0.587	0.262	0.018
0.043	0.223	0.086	0.648
0.039	0.029	0.894	0.038
0.846	0.073	0.054	0.027
0.786	0.045	0.136	0.033
0.922	0.030	0.044	0.004
>TGTGGTTA	4-TGTGGTTA	4.922009	-696.207453	0	T:18052.0(20.21%),B:13829.7(15.53%),P:1e-302	Tpos:100.2,Tstd:54.9,Bpos:99.9,Bstd:56.3,StrandBias:-0.0,Multiplicity:1.16
0.076	0.023	0.001	0.900
0.008	0.001	0.980	0.011
0.026	0.006	0.001	0.967
0.001	0.001	0.997	0.001
0.001	0.011	0.987	0.001
0.001	0.022	0.013	0.964
0.021	0.165	0.027	0.787
0.614	0.001	0.103	0.282
>TAATGAST	5-TAATGAST	6.577803	-347.327832	0	T:9194.0(10.29%),B:6974.3(7.83%),P:1e-150	Tpos:101.8,Tstd:55.7,Bpos:100.0,Bstd:56.4,StrandBias:-0.0,Multiplicity:1.07
0.260	0.001	0.001	0.738
0.847	0.001	0.001	0.151
0.871	0.127	0.001	0.001
0.132	0.001	0.001	0.866
0.036	0.246	0.477	0.241
0.997	0.001	0.001	0.001
0.001	0.437	0.356	0.206
0.019	0.273	0.080	0.628
>TCGTTTTG	6-TCGTTTTG	5.254118	-221.537406	0	T:18624.0(20.85%),B:16125.8(18.11%),P:1e-96	Tpos:100.4,Tstd:56.5,Bpos:100.3,Bstd:59.4,StrandBias:-0.0,Multiplicity:1.14
0.161	0.265	0.123	0.451
0.031	0.541	0.252	0.176
0.089	0.139	0.771	0.001
0.060	0.001	0.369	0.570
0.022	0.046	0.001	0.931
0.206	0.028	0.001	0.765
0.247	0.207	0.006	0.540
0.034	0.152	0.638	0.176
>GAAWTCCC	7-GAAWTCCC	5.046269	-208.027362	0	T:33524.0(37.53%),B:30537.6(34.30%),P:1e-90	Tpos:100.2,Tstd:55.1,Bpos:100.2,Bstd:57.4,StrandBias:0.0,Multiplicity:1.26
0.289	0.001	0.709	0.001
0.553	0.178	0.268	0.001
0.997	0.001	0.001	0.001
0.407	0.058	0.050	0.485
0.109	0.228	0.122	0.541
0.001	0.526	0.141	0.332
0.112	0.826	0.061	0.001
0.001	0.690	0.308	0.001
>CGCTGACC	8-CGCTGACC	6.693228	-191.517546	0	T:9012.0(10.09%),B:7344.6(8.25%),P:1e-83	Tpos:99.5,Tstd:55.2,Bpos:100.1,Bstd:57.7,StrandBias:0.1,Multiplicity:1.09
0.031	0.870	0.042	0.057
0.001	0.096	0.849	0.054
0.036	0.929	0.001	0.034
0.001	0.001	0.095	0.903
0.001	0.001	0.997	0.001
0.569	0.166	0.160	0.105
0.012	0.986	0.001	0.001
0.001	0.997	0.001	0.001
>ATGCAAAT	9-ATGCAAAT	8.236954	-180.278520	0	T:1177.0(1.32%),B:644.3(0.72%),P:1e-78	Tpos:101.3,Tstd:54.2,Bpos:98.1,Bstd:53.5,StrandBias:0.2,Multiplicity:1.01
0.700	0.100	0.100	0.100
0.100	0.100	0.100	0.700
0.100	0.100	0.700	0.100
0.100	0.700	0.100	0.100
0.700	0.100	0.100	0.100
0.700	0.100	0.100	0.100
0.700	0.100	0.100	0.100
0.100	0.100	0.100	0.700
>GAGGAAGT	10-GAGGAAGT	7.713896	-173.740640	0	T:6473.0(7.25%),B:5124.2(5.75%),P:1e-75	Tpos:98.3,Tstd:56.0,Bpos:99.7,Bstd:58.2,StrandBias:0.1,Multiplicity:1.03
0.101	0.101	0.797	0.001
0.997	0.001	0.001	0.001
0.001	0.001	0.997	0.001
0.318	0.001	0.680	0.001
0.997	0.001	0.001	0.001
0.997	0.001	0.001	0.001
0.064	0.001	0.934	0.001
0.001	0.001	0.001	0.997
>CTGGCCTG	11-CTGGCCTG	5.697460	-168.752397	0	T:19657.0(22.00%),B:17414.4(19.56%),P:1e-73	Tpos:99.4,Tstd:56.0,Bpos:100.9,Bstd:56.4,StrandBias:-0.0,Multiplicity:1.20
0.001	0.862	0.100	0.037
0.094	0.055	0.034	0.817
0.016	0.034	0.908	0.042
0.001	0.001	0.917	0.081
0.029	0.969	0.001	0.001
0.001	0.843	0.091	0.065
0.001	0.032	0.130	0.837
0.001	0.061	0.906	0.032
>TATGCAAA	12-TATGCAAA	8.682976	-153.058218	0	T:2724.0(3.05%),B:1921.9(2.16%),P:1e-66	Tpos:97.0,Tstd:56.7,Bpos:98.4,Bstd:56.5,StrandBias:0.0,Multiplicity:1.02
0.181	0.001	0.001	0.817
0.997	0.001	0.001	0.001
0.001	0.001	0.001	0.997
0.163	0.001	0.835	0.001
0.001	0.997	0.001	0.001
0.997	0.001	0.001	0.001
0.997	0.001	0.001	0.001
0.864	0.134	0.001	0.001
>CCCTCGGG	13-CCCTCGGG	5.301556	-129.249904	0	T:19330.0(21.64%),B:17371.7(19.51%),P:1e-56	Tpos:100.3,Tstd:55.7,Bpos:101.3,Bstd:59.8,StrandBias:0.0,Multiplicity:1.28
0.042	0.768	0.128	0.062
0.040	0.795	0.059	0.106
0.085	0.721	0.077	0.117
0.145	0.080	0.064	0.711
0.059	0.760	0.089	0.092
0.021	0.151	0.749	0.079
0.102	0.109	0.715	0.074
0.037	0.093	0.782	0.088
>AAGCGAGA	14-AAGCGAGA	7.460865	-112.596605	0	T:3598.0(4.03%),B:2787.9(3.13%),P:1e-48	Tpos:101.2,Tstd:54.7,Bpos:99.6,Bstd:57.9,StrandBias:0.0,Multiplicity:1.04
0.795	0.057	0.001	0.147
0.997	0.001	0.001	0.001
0.001	0.089	0.829	0.081
0.001	0.832	0.001	0.166
0.001	0.266	0.732	0.001
0.834	0.001	0.164	0.001
0.001	0.001	0.997	0.001
0.816	0.001	0.001	0.182
>TAGGTGGC	15-TAGGTGGC	9.139556	-101.409896	0	T:1314.0(1.47%),B:869.9(0.98%),P:1e-44	Tpos:99.8,Tstd:55.5,Bpos:99.6,Bstd:54.9,StrandBias:-0.1,Multiplicity:1.00
0.001	0.001	0.001	0.997
0.997	0.001	0.001	0.001
0.001	0.001	0.997	0.001
0.225	0.001	0.773	0.001
0.001	0.001	0.001	0.997
0.001	0.052	0.946	0.001
0.001	0.001	0.997	0.001
0.001	0.678	0.001	0.320
>GACCGGGC	16-GACCGGGC	7.677763	-90.758388	0	T:1828.0(2.05%),B:1319.7(1.48%),P:1e-39	Tpos:101.2,Tstd:54.4,Bpos:101.4,Bstd:60.3,StrandBias:-0.0,Multiplicity:1.03
0.001	0.001	0.997	0.001
0.997	0.001	0.001	0.001
0.001	0.764	0.001	0.234
0.001	0.997	0.001	0.001
0.001	0.001	0.997	0.001
0.001	0.001	0.851	0.147
0.001	0.001	0.997	0.001
0.168	0.750	0.001	0.081
>TGACCTTD	17-TGACCTTD	7.959287	-88.273021	0	T:2691.0(3.01%),B:2071.7(2.33%),P:1e-38	Tpos:96.5,Tstd:54.9,Bpos:100.4,Bstd:58.3,StrandBias:0.1,Multiplicity:1.01
0.066	0.182	0.003	0.749
0.001	0.001	0.997	0.001
0.911	0.087	0.001	0.001
0.001	0.664	0.001	0.334
0.001	0.997	0.001	0.001
0.309	0.103	0.060	0.528
0.052	0.134	0.001	0.813
0.320	0.001	0.292	0.386
>GATTYWCG	18-GATTYWCG	7.088275	-84.948791	0	T:925.0(1.04%),B:588.6(0.66%),P:1e-36	Tpos:102.3,Tstd:55.9,Bpos:96.5,Bstd:60.1,StrandBias:0.2,Multiplicity:1.00
0.001	0.072	0.910	0.017
0.997	0.001	0.001	0.001
0.001	0.001	0.001	0.997
0.001	0.001	0.001	0.997
0.001	0.553	0.001	0.445
0.464	0.001	0.070	0.466
0.001	0.997	0.001	0.001
0.001	0.001	0.997	0.001
>AACAGAAA	19-AACAGAAA	8.431187	-81.447199	0	T:5105.0(5.71%),B:4270.8(4.80%),P:1e-35	Tpos:100.5,Tstd:55.5,Bpos:100.5,Bstd:58.6,StrandBias:-0.0,Multiplicity:1.04
0.997	0.001	0.001	0.001
0.997	0.001	0.001	0.001
0.001	0.997	0.001	0.001
0.997	0.001	0.001	0.001
0.001	0.001	0.997	0.001
0.679	0.001	0.239	0.081
0.880	0.001	0.118	0.001
0.997	0.001	0.001	0.001
>CCGATCCC	20-CCGATCCC	7.821371	-75.965612	0	T:2110.0(2.36%),B:1603.4(1.80%),P:1e-32	Tpos:98.5,Tstd:54.7,Bpos:101.3,Bstd:57.5,StrandBias:0.0,Multiplicity:1.05
0.001	0.916	0.082	0.001
0.177	0.755	0.067	0.001
0.001	0.001	0.997	0.001
0.997	0.001	0.001	0.001
0.001	0.001	0.001	0.997
0.167	0.831	0.001	0.001
0.001	0.931	0.067	0.001
0.001	0.997	0.001	0.001
>CGATCCTG	21-CGATCCTG	7.625317	-70.529948	0	T:1640.0(1.84%),B:1214.0(1.36%),P:1e-30	Tpos:102.6,Tstd:56.5,Bpos:100.8,Bstd:58.1,StrandBias:0.2,Multiplicity:1.02
0.001	0.997	0.001	0.001
0.001	0.001	0.997	0.001
0.873	0.125	0.001	0.001
0.001	0.001	0.001	0.997
0.187	0.811	0.001	0.001
0.001	0.789	0.001	0.209
0.001	0.384	0.001	0.614
0.092	0.001	0.906	0.001
>CCGGGCTT	22-CCGGGCTT	8.586852	-46.288677	0	T:1124.0(1.26%),B:839.6(0.94%),P:1e-20	Tpos:101.7,Tstd:53.9,Bpos:99.9,Bstd:61.5,StrandBias:0.0,Multiplicity:1.01
0.001	0.997	0.001	0.001
0.001	0.997	0.001	0.001
0.001	0.001	0.997	0.001
0.337	0.001	0.661	0.001
0.001	0.001	0.997	0.001
0.001	0.997	0.001	0.001
0.001	0.001	0.001	0.997
0.126	0.001	0.001	0.872
>CTCTAGCG	23-CTCTAGCG	9.110327	-38.353950	0	T:273.0(0.31%),B:156.8(0.18%),P:1e-16	Tpos:94.6,Tstd:57.1,Bpos:102.2,Bstd:60.6,StrandBias:0.4,Multiplicity:1.02
0.141	0.857	0.001	0.001
0.001	0.001	0.001	0.997
0.001	0.997	0.001	0.001
0.001	0.001	0.001	0.997
0.997	0.001	0.001	0.001
0.001	0.001	0.997	0.001
0.001	0.997	0.001	0.001
0.001	0.001	0.997	0.001
>AAGAGGCC	24-AAGAGGCC	8.236954	-38.026496	0	T:1089.0(1.22%),B:834.3(0.94%),P:1e-16	Tpos:105.2,Tstd:55.9,Bpos:99.2,Bstd:55.8,StrandBias:-0.0,Multiplicity:1.00
0.700	0.100	0.100	0.100
0.700	0.100	0.100	0.100
0.100	0.100	0.700	0.100
0.700	0.100	0.100	0.100
0.100	0.100	0.700	0.100
0.100	0.100	0.700	0.100
0.100	0.700	0.100	0.100
0.100	0.700	0.100	0.100
>AAAGGGTG	25-AAAGGGTG	8.236954	-33.628125	0	T:911.0(1.02%),B:693.1(0.78%),P:1e-14	Tpos:103.0,Tstd:56.0,Bpos:95.8,Bstd:58.3,StrandBias:-0.3,Multiplicity:1.01
0.700	0.100	0.100	0.100
0.700	0.100	0.100	0.100
0.700	0.100	0.100	0.100
0.100	0.100	0.700	0.100
0.100	0.100	0.700	0.100
0.100	0.100	0.700	0.100
0.100	0.100	0.100	0.700
0.100	0.100	0.700	0.100
