>DMTGASTCATHH	1-DMTGASTCATHH	7.375472	-1573.014953	0	T:6364.0(7.12%),B:2923.1(3.28%),P:1e-683	Tpos:100.4,Tstd:53.3,Bpos:99.1,Bstd:56.3,StrandBias:-0.0,Multiplicity:1.08
0.336	0.129	0.229	0.306
0.386	0.270	0.199	0.144
0.012	0.001	0.001	0.986
0.001	0.006	0.808	0.185
0.968	0.001	0.001	0.030
0.102	0.378	0.395	0.125
0.033	0.001	0.001	0.965
0.192	0.700	0.107	0.001
0.997	0.001	0.001	0.001
0.144	0.209	0.244	0.403
0.303	0.233	0.117	0.347
0.304	0.223	0.153	0.320
>DGRAASTGAAAS	2-DGRAASTGAAAS	8.839614	-1056.557603	0	T:5255.0(5.88%),B:2622.4(2.95%),P:1e-458	Tpos:99.0,Tstd:53.4,Bpos:98.9,Bstd:59.0,StrandBias:0.0,Multiplicity:1.07
0.244	0.137	0.243	0.376
0.270	0.139	0.476	0.115
0.516	0.001	0.438	0.045
0.820	0.001	0.125	0.054
0.852	0.001	0.028	0.119
0.150	0.445	0.339	0.066
0.130	0.001	0.001	0.868
0.054	0.001	0.944	0.001
0.990	0.004	0.005	0.001
0.787	0.025	0.187	0.001
0.966	0.001	0.001	0.032
0.238	0.432	0.283	0.047
>GCCMYCTRGTGG	3-GCCMYCTRGTGG	10.300226	-776.534695	0	T:1586.0(1.78%),B:489.6(0.55%),P:1e-337	Tpos:99.7,Tstd:49.3,Bpos:98.9,Bstd:53.2,StrandBias:0.2,Multiplicity:1.02
0.124	0.002	0.750	0.124
0.108	0.847	0.044	0.001
0.001	0.988	0.010	0.001
0.435	0.563	0.001	0.001
0.001	0.555	0.001	0.443
0.001	0.997	0.001	0.001
0.134	0.093	0.001	0.772
0.440	0.029	0.347	0.184
0.001	0.146	0.835	0.018
0.060	0.001	0.023	0.916
0.001	0.001	0.997	0.001
0.041	0.001	0.872	0.086
>TCTGTGGTYAKG	4-TCTGTGGTYAKG	8.391263	-438.601301	0	T:3312.0(3.71%),B:1901.9(2.14%),P:1e-190	Tpos:100.5,Tstd:54.1,Bpos:98.4,Bstd:55.1,StrandBias:-0.1,Multiplicity:1.03
0.214	0.098	0.208	0.480
0.076	0.464	0.162	0.298
0.066	0.001	0.001	0.932
0.001	0.025	0.821	0.153
0.016	0.001	0.027	0.956
0.001	0.001	0.997	0.001
0.026	0.163	0.755	0.056
0.001	0.089	0.008	0.902
0.064	0.454	0.001	0.480
0.624	0.001	0.173	0.202
0.242	0.001	0.429	0.329
0.172	0.088	0.464	0.276
>STTTCAGAATGA	5-STTTCAGAATGA	8.444731	-430.811386	0	T:3437.0(3.85%),B:2006.2(2.25%),P:1e-187	Tpos:98.8,Tstd:52.9,Bpos:100.5,Bstd:57.3,StrandBias:-0.1,Multiplicity:1.03
0.084	0.266	0.408	0.241
0.001	0.001	0.001	0.997
0.027	0.107	0.001	0.865
0.004	0.040	0.021	0.935
0.001	0.994	0.001	0.004
0.928	0.001	0.001	0.070
0.207	0.146	0.425	0.222
0.565	0.048	0.167	0.220
0.640	0.191	0.050	0.119
0.121	0.001	0.065	0.813
0.117	0.221	0.532	0.130
0.647	0.110	0.095	0.148
>GGGAATTCCCCH	6-GGGAATTCCCCH	8.624160	-429.068319	0	T:2547.0(2.85%),B:1349.6(1.52%),P:1e-186	Tpos:101.2,Tstd:52.4,Bpos:101.1,Bstd:56.0,StrandBias:-0.0,Multiplicity:1.04
0.107	0.001	0.767	0.125
0.001	0.001	0.997	0.001
0.219	0.001	0.779	0.001
0.642	0.034	0.323	0.001
0.540	0.171	0.106	0.183
0.257	0.086	0.165	0.492
0.014	0.141	0.077	0.768
0.001	0.580	0.001	0.418
0.001	0.996	0.001	0.002
0.001	0.997	0.001	0.001
0.206	0.579	0.001	0.214
0.312	0.224	0.144	0.320
>BTGTGGTTTCHN	7-BTGTGGTTTCHN	6.933799	-423.170246	0	T:9657.0(10.81%),B:7167.7(8.05%),P:1e-183	Tpos:101.0,Tstd:54.5,Bpos:99.8,Bstd:57.0,StrandBias:-0.0,Multiplicity:1.07
0.154	0.265	0.260	0.321
0.144	0.087	0.238	0.531
0.040	0.028	0.800	0.132
0.082	0.023	0.125	0.770
0.021	0.042	0.901	0.036
0.072	0.186	0.648	0.094
0.012	0.035	0.048	0.905
0.004	0.017	0.031	0.948
0.038	0.046	0.062	0.854
0.030	0.784	0.098	0.088
0.405	0.282	0.044	0.269
0.194	0.328	0.230	0.248
>GGAAAGTCCCTA	8-GGAAAGTCCCTA	9.617732	-322.344646	0	T:1167.0(1.31%),B:504.0(0.57%),P:1e-139	Tpos:104.0,Tstd:52.5,Bpos:105.8,Bstd:58.0,StrandBias:-0.1,Multiplicity:1.01
0.104	0.001	0.894	0.001
0.058	0.059	0.882	0.001
0.755	0.047	0.161	0.037
0.944	0.001	0.028	0.027
0.951	0.001	0.047	0.001
0.001	0.078	0.920	0.001
0.053	0.055	0.047	0.845
0.253	0.704	0.042	0.001
0.049	0.827	0.001	0.123
0.094	0.868	0.001	0.037
0.003	0.291	0.001	0.705
0.436	0.123	0.223	0.218
>AGTTTCAGTCAT	9-AGTTTCAGTCAT	9.606932	-231.060869	0	T:1067.0(1.19%),B:513.7(0.58%),P:1e-100	Tpos:103.3,Tstd:54.4,Bpos:102.7,Bstd:57.5,StrandBias:-0.1,Multiplicity:1.01
0.870	0.001	0.059	0.070
0.095	0.029	0.730	0.146
0.054	0.001	0.009	0.936
0.001	0.078	0.001	0.920
0.065	0.055	0.001	0.879
0.001	0.997	0.001	0.001
0.842	0.001	0.001	0.156
0.074	0.090	0.835	0.001
0.048	0.078	0.112	0.762
0.124	0.657	0.123	0.096
0.801	0.084	0.001	0.114
0.094	0.088	0.074	0.744
>TCGGTSGGAGGA	10-TCGGTSGGAGGA	12.395395	-157.189616	0	T:52.0(0.06%),B:0.0(0.00%),P:1e-68	Tpos:72.8,Tstd:55.4,Bpos:0.0,Bstd:0.0,StrandBias:0.3,Multiplicity:1.00
0.181	0.001	0.147	0.671
0.001	0.816	0.060	0.123
0.003	0.106	0.886	0.005
0.019	0.014	0.966	0.001
0.070	0.001	0.005	0.924
0.001	0.565	0.433	0.001
0.422	0.001	0.576	0.001
0.096	0.009	0.894	0.001
0.690	0.001	0.228	0.081
0.014	0.005	0.980	0.001
0.019	0.027	0.953	0.001
0.537	0.268	0.190	0.005
>CCTGGGGCTCGC	11-CCTGGGGCTCGC	11.710821	-145.436061	0	T:59.0(0.07%),B:2.9(0.00%),P:1e-63	Tpos:74.2,Tstd:45.9,Bpos:120.4,Bstd:52.2,StrandBias:0.8,Multiplicity:1.00
0.045	0.847	0.075	0.033
0.030	0.851	0.014	0.105
0.068	0.010	0.057	0.865
0.036	0.152	0.517	0.295
0.039	0.094	0.786	0.081
0.141	0.052	0.802	0.005
0.069	0.103	0.719	0.109
0.276	0.570	0.091	0.063
0.100	0.015	0.080	0.805
0.068	0.774	0.053	0.105
0.005	0.001	0.993	0.001
0.018	0.840	0.001	0.141
>GGTTAATCATTA	12-GGTTAATCATTA	10.108932	-135.594085	0	T:395.0(0.44%),B:153.6(0.17%),P:1e-58	Tpos:101.4,Tstd:52.9,Bpos:96.5,Bstd:60.1,StrandBias:0.1,Multiplicity:1.02
0.301	0.001	0.591	0.107
0.037	0.079	0.796	0.088
0.021	0.026	0.038	0.915
0.045	0.001	0.015	0.939
0.890	0.033	0.009	0.068
0.938	0.001	0.004	0.057
0.108	0.008	0.001	0.883
0.143	0.496	0.277	0.084
0.727	0.017	0.001	0.255
0.015	0.001	0.007	0.977
0.034	0.035	0.001	0.930
0.801	0.077	0.058	0.064
>GATCCAGCACGC	13-GATCCAGCACGC	13.319645	-125.404381	0	T:53.0(0.06%),B:2.3(0.00%),P:1e-54	Tpos:93.7,Tstd:63.1,Bpos:127.4,Bstd:47.5,StrandBias:1.3,Multiplicity:1.00
0.019	0.001	0.979	0.001
0.635	0.289	0.044	0.032
0.001	0.019	0.001	0.979
0.001	0.997	0.001	0.001
0.001	0.997	0.001	0.001
0.676	0.322	0.001	0.001
0.001	0.001	0.997	0.001
0.001	0.639	0.359	0.001
0.794	0.204	0.001	0.001
0.053	0.783	0.163	0.001
0.001	0.114	0.882	0.003
0.001	0.989	0.009	0.001
>AGCRGYAGGCAA	14-AGCRGYAGGCAA	12.977508	-122.498839	0	T:59.0(0.07%),B:3.6(0.00%),P:1e-53	Tpos:125.6,Tstd:52.2,Bpos:116.1,Bstd:10.7,StrandBias:-0.4,Multiplicity:1.00
0.997	0.001	0.001	0.001
0.001	0.001	0.997	0.001
0.001	0.997	0.001	0.001
0.555	0.001	0.443	0.001
0.001	0.001	0.997	0.001
0.001	0.555	0.001	0.443
0.912	0.001	0.001	0.086
0.001	0.001	0.997	0.001
0.001	0.001	0.997	0.001
0.001	0.997	0.001	0.001
0.997	0.001	0.001	0.001
0.997	0.001	0.001	0.001
>GCTGCTCCGCCG	15-GCTGCTCCGCCG	9.712585	-98.492624	0	T:56.0(0.06%),B:4.8(0.01%),P:1e-42	Tpos:88.4,Tstd:54.2,Bpos:66.7,Bstd:30.8,StrandBias:0.0,Multiplicity:1.00
0.001	0.001	0.973	0.025
0.001	0.997	0.001	0.001
0.001	0.001	0.001	0.997
0.001	0.001	0.997	0.001
0.001	0.997	0.001	0.001
0.001	0.001	0.001	0.997
0.004	0.969	0.001	0.026
0.001	0.997	0.001	0.001
0.001	0.001	0.997	0.001
0.001	0.997	0.001	0.001
0.001	0.958	0.001	0.040
0.001	0.001	0.997	0.001
>CCTTCTGTGGGA	16-CCTTCTGTGGGA	13.239038	-93.235176	0	T:54.0(0.06%),B:4.6(0.01%),P:1e-40	Tpos:106.2,Tstd:53.3,Bpos:118.7,Bstd:31.7,StrandBias:1.1,Multiplicity:1.00
0.001	0.997	0.001	0.001
0.001	0.997	0.001	0.001
0.001	0.001	0.001	0.997
0.001	0.001	0.001	0.997
0.001	0.997	0.001	0.001
0.001	0.001	0.001	0.997
0.001	0.001	0.997	0.001
0.001	0.001	0.001	0.997
0.001	0.001	0.719	0.279
0.001	0.048	0.950	0.001
0.001	0.001	0.997	0.001
0.997	0.001	0.001	0.001
>GCCGCGCCCAAA	17-GCCGCGCCCAAA	11.997060	-90.741514	0	T:48.0(0.05%),B:3.4(0.00%),P:1e-39	Tpos:111.2,Tstd:54.6,Bpos:63.7,Bstd:30.1,StrandBias:-0.5,Multiplicity:1.56
0.001	0.001	0.997	0.001
0.001	0.835	0.080	0.084
0.001	0.992	0.006	0.001
0.029	0.032	0.938	0.001
0.084	0.883	0.032	0.001
0.001	0.001	0.997	0.001
0.160	0.838	0.001	0.001
0.189	0.781	0.029	0.001
0.001	0.641	0.001	0.357
0.997	0.001	0.001	0.001
0.997	0.001	0.001	0.001
0.997	0.001	0.001	0.001
>GGTCAGGGGCCA	18-GGTCAGGGGCCA	13.641737	-85.220165	0	T:46.0(0.05%),B:3.9(0.00%),P:1e-37	Tpos:101.7,Tstd:38.7,Bpos:113.3,Bstd:51.3,StrandBias:0.4,Multiplicity:1.00
0.001	0.001	0.997	0.001
0.001	0.001	0.997	0.001
0.001	0.001	0.001	0.997
0.001	0.997	0.001	0.001
0.997	0.001	0.001	0.001
0.001	0.059	0.939	0.001
0.001	0.123	0.875	0.001
0.001	0.001	0.997	0.001
0.001	0.001	0.997	0.001
0.001	0.997	0.001	0.001
0.001	0.997	0.001	0.001
0.997	0.001	0.001	0.001
>CTTCCCCCACTT	19-CTTCCCCCACTT	12.437796	-78.465471	0	T:38.0(0.04%),B:2.7(0.00%),P:1e-34	Tpos:73.0,Tstd:58.5,Bpos:51.2,Bstd:39.5,StrandBias:-1.1,Multiplicity:1.00
0.001	0.997	0.001	0.001
0.001	0.001	0.001	0.997
0.001	0.001	0.001	0.997
0.001	0.997	0.001	0.001
0.001	0.997	0.001	0.001
0.001	0.997	0.001	0.001
0.001	0.997	0.001	0.001
0.001	0.982	0.016	0.001
0.968	0.001	0.030	0.001
0.001	0.997	0.001	0.001
0.001	0.001	0.001	0.997
0.001	0.001	0.001	0.997
>CCACGGGTTCCC	20-CCACGGGTTCCC	13.301993	-75.522481	0	T:37.0(0.04%),B:2.8(0.00%),P:1e-32	Tpos:91.5,Tstd:50.9,Bpos:143.0,Bstd:26.3,StrandBias:-0.4,Multiplicity:1.49
0.001	0.508	0.252	0.239
0.001	0.997	0.001	0.001
0.997	0.001	0.001	0.001
0.001	0.997	0.001	0.001
0.001	0.001	0.997	0.001
0.001	0.001	0.760	0.238
0.251	0.001	0.747	0.001
0.001	0.001	0.001	0.997
0.001	0.001	0.001	0.997
0.001	0.760	0.001	0.238
0.001	0.997	0.001	0.001
0.001	0.997	0.001	0.001
>CCGCCTTTCCCG	21-CCGCCTTTCCCG	11.078007	-72.606091	0	T:36.0(0.04%),B:2.6(0.00%),P:1e-31	Tpos:102.4,Tstd:54.5,Bpos:69.5,Bstd:0.6,StrandBias:-0.7,Multiplicity:1.00
0.004	0.994	0.001	0.001
0.001	0.997	0.001	0.001
0.001	0.001	0.997	0.001
0.001	0.997	0.001	0.001
0.004	0.994	0.001	0.001
0.001	0.001	0.001	0.997
0.001	0.001	0.001	0.997
0.001	0.001	0.001	0.997
0.001	0.997	0.001	0.001
0.001	0.997	0.001	0.001
0.001	0.997	0.001	0.001
0.001	0.001	0.997	0.001
>CCGCCCAGGACC	22-CCGCCCAGGACC	11.637336	-70.525042	0	T:45.0(0.05%),B:4.6(0.01%),P:1e-30	Tpos:97.4,Tstd:52.3,Bpos:85.5,Bstd:55.1,StrandBias:0.5,Multiplicity:1.24
0.001	0.997	0.001	0.001
0.001	0.997	0.001	0.001
0.001	0.001	0.997	0.001
0.001	0.997	0.001	0.001
0.001	0.997	0.001	0.001
0.094	0.904	0.001	0.001
0.997	0.001	0.001	0.001
0.001	0.001	0.997	0.001
0.001	0.001	0.997	0.001
0.997	0.001	0.001	0.001
0.001	0.924	0.001	0.074
0.001	0.997	0.001	0.001
>CGACATTACAGG	23-CGACATTACAGG	9.837651	-68.105376	0	T:44.0(0.05%),B:4.4(0.00%),P:1e-29	Tpos:124.6,Tstd:52.5,Bpos:103.0,Bstd:56.1,StrandBias:-0.4,Multiplicity:1.00
0.148	0.559	0.152	0.141
0.120	0.156	0.592	0.132
0.682	0.112	0.107	0.099
0.116	0.662	0.138	0.084
0.676	0.132	0.074	0.118
0.090	0.112	0.119	0.679
0.090	0.133	0.129	0.648
0.614	0.134	0.126	0.126
0.108	0.713	0.108	0.071
0.733	0.091	0.067	0.109
0.097	0.064	0.761	0.078
0.120	0.104	0.679	0.097
>CCTGGAGAGAGC	24-CCTGGAGAGAGC	11.304164	-64.023972	0	T:33.0(0.04%),B:2.6(0.00%),P:1e-27	Tpos:114.1,Tstd:45.6,Bpos:64.0,Bstd:45.8,StrandBias:1.6,Multiplicity:1.00
0.001	0.997	0.001	0.001
0.001	0.997	0.001	0.001
0.001	0.001	0.001	0.997
0.001	0.005	0.993	0.001
0.001	0.001	0.997	0.001
0.997	0.001	0.001	0.001
0.001	0.001	0.997	0.001
0.997	0.001	0.001	0.001
0.001	0.001	0.997	0.001
0.997	0.001	0.001	0.001
0.001	0.001	0.997	0.001
0.001	0.997	0.001	0.001
>ACCGCAAGKCCC	25-ACCGCAAGKCCC	14.760252	-52.810127	0	T:41.0(0.05%),B:5.0(0.01%),P:1e-22	Tpos:127.8,Tstd:40.1,Bpos:85.8,Bstd:38.5,StrandBias:-0.3,Multiplicity:1.00
0.997	0.001	0.001	0.001
0.001	0.997	0.001	0.001
0.001	0.997	0.001	0.001
0.001	0.360	0.638	0.001
0.001	0.997	0.001	0.001
0.835	0.001	0.163	0.001
0.997	0.001	0.001	0.001
0.001	0.001	0.997	0.001
0.001	0.001	0.474	0.524
0.001	0.997	0.001	0.001
0.001	0.997	0.001	0.001
0.001	0.997	0.001	0.001
