>DATGASTCAT	1-DATGASTCAT	7.316684	-1536.982236	0	T:6404.0(7.17%),B:2980.6(3.35%),P:1e-667	Tpos:100.5,Tstd:53.8,Bpos:101.4,Bstd:57.1,StrandBias:-0.0,Multiplicity:1.07
0.319	0.089	0.299	0.294
0.489	0.210	0.190	0.111
0.001	0.001	0.001	0.997
0.001	0.001	0.860	0.138
0.997	0.001	0.001	0.001
0.001	0.531	0.431	0.037
0.001	0.001	0.001	0.997
0.131	0.867	0.001	0.001
0.997	0.001	0.001	0.001
0.082	0.217	0.190	0.511
>AACTGAAACT	2-AACTGAAACT	6.783089	-1242.239292	0	T:14137.0(15.82%),B:9261.1(10.40%),P:1e-539	Tpos:100.0,Tstd:54.4,Bpos:100.6,Bstd:58.7,StrandBias:0.1,Multiplicity:1.17
0.557	0.070	0.127	0.246
0.613	0.112	0.037	0.238
0.179	0.414	0.231	0.176
0.079	0.112	0.067	0.742
0.011	0.001	0.987	0.001
0.992	0.006	0.001	0.001
0.946	0.001	0.018	0.035
0.997	0.001	0.001	0.001
0.103	0.578	0.292	0.027
0.090	0.334	0.080	0.496
>GGAACTGAAA	3-GGAACTGAAA	8.930358	-899.899440	0	T:4282.0(4.79%),B:2094.6(2.35%),P:1e-390	Tpos:98.9,Tstd:54.6,Bpos:101.1,Bstd:58.8,StrandBias:0.0,Multiplicity:1.02
0.277	0.137	0.585	0.001
0.337	0.143	0.519	0.001
0.997	0.001	0.001	0.001
0.883	0.001	0.001	0.115
0.001	0.658	0.340	0.001
0.001	0.041	0.185	0.773
0.001	0.001	0.997	0.001
0.997	0.001	0.001	0.001
0.624	0.001	0.201	0.174
0.997	0.001	0.001	0.001
>MTRACCACAD	4-MTRACCACAD	6.576641	-727.078373	0	T:12200.0(13.66%),B:8626.4(9.69%),P:1e-315	Tpos:99.8,Tstd:54.4,Bpos:99.7,Bstd:55.5,StrandBias:0.1,Multiplicity:1.10
0.272	0.367	0.182	0.178
0.313	0.143	0.072	0.473
0.549	0.018	0.410	0.023
0.612	0.142	0.241	0.005
0.004	0.921	0.015	0.060
0.007	0.988	0.001	0.004
0.847	0.033	0.019	0.101
0.157	0.671	0.026	0.146
0.606	0.112	0.040	0.242
0.344	0.159	0.303	0.194
>GGGGATTTCC	5-GGGGATTTCC	6.861041	-552.174847	0	T:8162.0(9.14%),B:5591.2(6.28%),P:1e-239	Tpos:101.6,Tstd:53.7,Bpos:101.2,Bstd:56.9,StrandBias:0.0,Multiplicity:1.07
0.085	0.002	0.835	0.078
0.026	0.052	0.868	0.054
0.031	0.038	0.835	0.096
0.280	0.061	0.611	0.048
0.643	0.183	0.055	0.119
0.207	0.116	0.013	0.664
0.066	0.048	0.039	0.847
0.023	0.171	0.041	0.765
0.016	0.876	0.015	0.093
0.071	0.765	0.065	0.099
>CACTAGRKGG	6-CACTAGRKGG	7.204745	-320.010484	0	T:1846.0(2.07%),B:968.0(1.09%),P:1e-138	Tpos:98.6,Tstd:51.5,Bpos:99.1,Bstd:54.0,StrandBias:0.1,Multiplicity:1.03
0.001	0.997	0.001	0.001
0.997	0.001	0.001	0.001
0.001	0.982	0.016	0.001
0.001	0.356	0.001	0.642
0.997	0.001	0.001	0.001
0.001	0.001	0.997	0.001
0.525	0.001	0.473	0.001
0.001	0.001	0.561	0.437
0.001	0.001	0.997	0.001
0.001	0.001	0.997	0.001
>ATCCCGRGGG	7-ATCCCGRGGG	7.364045	-290.827464	0	T:7374.0(8.25%),B:5545.0(6.23%),P:1e-126	Tpos:99.8,Tstd:54.8,Bpos:101.2,Bstd:58.1,StrandBias:0.0,Multiplicity:1.07
0.475	0.204	0.064	0.257
0.065	0.023	0.001	0.911
0.066	0.870	0.001	0.063
0.001	0.997	0.001	0.001
0.001	0.989	0.009	0.001
0.154	0.112	0.614	0.120
0.350	0.188	0.315	0.147
0.065	0.001	0.862	0.072
0.001	0.036	0.866	0.097
0.060	0.255	0.624	0.061
>GAAATGACCG	8-GAAATGACCG	4.840482	-253.944181	0	T:13098.0(14.66%),B:10818.9(12.15%),P:1e-110	Tpos:100.0,Tstd:54.6,Bpos:98.8,Bstd:56.6,StrandBias:0.1,Multiplicity:1.08
0.108	0.125	0.669	0.098
0.684	0.106	0.109	0.101
0.694	0.083	0.115	0.108
0.682	0.112	0.112	0.094
0.087	0.089	0.123	0.701
0.098	0.093	0.714	0.095
0.711	0.089	0.097	0.103
0.085	0.716	0.111	0.088
0.081	0.716	0.088	0.115
0.101	0.101	0.714	0.084
>TDHTGACTCA	9-TDHTGACTCA	10.940288	-231.893289	0	T:434.0(0.49%),B:126.2(0.14%),P:1e-100	Tpos:132.1,Tstd:55.7,Bpos:120.6,Bstd:41.4,StrandBias:-0.7,Multiplicity:1.00
0.025	0.072	0.025	0.878
0.304	0.001	0.304	0.391
0.376	0.240	0.025	0.359
0.001	0.001	0.001	0.997
0.001	0.001	0.997	0.001
0.997	0.001	0.001	0.001
0.001	0.784	0.214	0.001
0.001	0.001	0.304	0.694
0.001	0.997	0.001	0.001
0.997	0.001	0.001	0.001
>ATTTGCATAY	10-ATTTGCATAY	8.721918	-227.130406	0	T:1487.0(1.66%),B:814.3(0.91%),P:1e-98	Tpos:100.8,Tstd:54.2,Bpos:99.0,Bstd:53.0,StrandBias:-0.2,Multiplicity:1.02
0.827	0.011	0.115	0.047
0.019	0.001	0.018	0.962
0.001	0.001	0.001	0.997
0.034	0.008	0.035	0.923
0.018	0.060	0.879	0.043
0.038	0.882	0.001	0.079
0.962	0.019	0.018	0.001
0.001	0.001	0.035	0.963
0.530	0.141	0.130	0.199
0.135	0.423	0.151	0.291
>TTTGGTCTCG	11-TTTGGTCTCG	6.650382	-184.367278	0	T:5124.0(5.74%),B:3896.3(4.38%),P:1e-80	Tpos:101.8,Tstd:55.7,Bpos:99.5,Bstd:57.7,StrandBias:0.0,Multiplicity:1.02
0.035	0.054	0.098	0.813
0.089	0.062	0.052	0.797
0.052	0.041	0.021	0.886
0.146	0.049	0.732	0.073
0.087	0.061	0.787	0.065
0.068	0.110	0.101	0.721
0.041	0.824	0.040	0.095
0.098	0.083	0.045	0.774
0.053	0.845	0.042	0.060
0.033	0.061	0.820	0.086
>AGTTTCACTG	12-AGTTTCACTG	6.807773	-181.935939	0	T:4127.0(4.62%),B:3040.0(3.41%),P:1e-79	Tpos:98.8,Tstd:55.6,Bpos:102.3,Bstd:58.7,StrandBias:0.0,Multiplicity:1.02
0.715	0.053	0.104	0.128
0.042	0.099	0.737	0.122
0.054	0.107	0.077	0.762
0.119	0.112	0.099	0.670
0.082	0.100	0.085	0.733
0.107	0.651	0.140	0.102
0.661	0.092	0.150	0.097
0.078	0.765	0.044	0.113
0.133	0.122	0.130	0.615
0.114	0.160	0.691	0.035
>TTCCMACGYC	13-TTCCMACGYC	6.826362	-136.203917	0	T:1684.0(1.89%),B:1101.2(1.24%),P:1e-59	Tpos:97.9,Tstd:51.9,Bpos:100.7,Bstd:56.6,StrandBias:-0.1,Multiplicity:1.02
0.221	0.162	0.068	0.549
0.046	0.226	0.242	0.486
0.049	0.606	0.058	0.287
0.237	0.562	0.024	0.177
0.442	0.489	0.031	0.038
0.502	0.039	0.176	0.283
0.130	0.661	0.188	0.021
0.022	0.020	0.922	0.036
0.124	0.378	0.204	0.294
0.044	0.605	0.034	0.317
>TCGCCTCCCM	14-TCGCCTCCCM	7.485858	-113.531385	0	T:4196.0(4.70%),B:3313.5(3.72%),P:1e-49	Tpos:99.7,Tstd:55.8,Bpos:100.9,Bstd:55.7,StrandBias:0.0,Multiplicity:1.07
0.130	0.112	0.156	0.602
0.065	0.750	0.165	0.020
0.007	0.135	0.800	0.058
0.101	0.731	0.031	0.137
0.154	0.650	0.127	0.069
0.101	0.013	0.057	0.829
0.072	0.698	0.190	0.040
0.068	0.814	0.033	0.085
0.050	0.718	0.008	0.224
0.326	0.426	0.146	0.102
>CCTAAACGCT	15-CCTAAACGCT	12.780349	-74.438804	0	T:42.0(0.05%),B:4.0(0.00%),P:1e-32	Tpos:113.7,Tstd:63.7,Bpos:72.3,Bstd:47.3,StrandBias:1.1,Multiplicity:1.10
0.001	0.997	0.001	0.001
0.001	0.997	0.001	0.001
0.001	0.001	0.001	0.997
0.997	0.001	0.001	0.001
0.997	0.001	0.001	0.001
0.997	0.001	0.001	0.001
0.001	0.997	0.001	0.001
0.001	0.001	0.997	0.001
0.348	0.650	0.001	0.001
0.001	0.001	0.001	0.997
>AATACCTAAG	16-AATACCTAAG	10.296193	-64.033283	0	T:38.0(0.04%),B:3.9(0.00%),P:1e-27	Tpos:99.6,Tstd:43.3,Bpos:121.2,Bstd:58.5,StrandBias:0.2,Multiplicity:1.00
0.700	0.100	0.100	0.100
0.700	0.100	0.100	0.100
0.100	0.100	0.100	0.700
0.700	0.100	0.100	0.100
0.100	0.700	0.100	0.100
0.100	0.700	0.100	0.100
0.100	0.100	0.100	0.700
0.700	0.100	0.100	0.100
0.700	0.100	0.100	0.100
0.100	0.100	0.700	0.100
>GATCTRTGCG	17-GATCTRTGCG	11.496101	-60.982744	0	T:41.0(0.05%),B:4.4(0.00%),P:1e-26	Tpos:102.2,Tstd:66.7,Bpos:57.5,Bstd:32.3,StrandBias:-0.8,Multiplicity:1.00
0.001	0.001	0.997	0.001
0.997	0.001	0.001	0.001
0.237	0.001	0.001	0.761
0.001	0.997	0.001	0.001
0.001	0.001	0.001	0.997
0.531	0.001	0.467	0.001
0.001	0.001	0.001	0.997
0.001	0.001	0.761	0.237
0.001	0.997	0.001	0.001
0.001	0.001	0.997	0.001
>TAATTAGTGG	18-TAATTAGTGG	10.296193	-56.273307	0	T:46.0(0.05%),B:6.7(0.01%),P:1e-24	Tpos:119.2,Tstd:31.6,Bpos:81.2,Bstd:39.7,StrandBias:-0.3,Multiplicity:1.06
0.100	0.100	0.100	0.700
0.700	0.100	0.100	0.100
0.700	0.100	0.100	0.100
0.100	0.100	0.100	0.700
0.100	0.100	0.100	0.700
0.700	0.100	0.100	0.100
0.100	0.100	0.700	0.100
0.100	0.100	0.100	0.700
0.100	0.100	0.700	0.100
0.100	0.100	0.700	0.100
>TACCCCTTTA	19-TACCCCTTTA	11.334866	-53.711685	0	T:59.0(0.07%),B:11.8(0.01%),P:1e-23	Tpos:87.6,Tstd:69.0,Bpos:72.1,Bstd:60.2,StrandBias:-1.0,Multiplicity:1.00
0.001	0.001	0.001	0.997
0.997	0.001	0.001	0.001
0.001	0.997	0.001	0.001
0.001	0.997	0.001	0.001
0.001	0.997	0.001	0.001
0.001	0.916	0.082	0.001
0.001	0.001	0.001	0.997
0.001	0.001	0.001	0.997
0.001	0.001	0.001	0.997
0.997	0.001	0.001	0.001
>TTGGGCGACC	20-TTGGGCGACC	10.296193	-47.690218	0	T:27.0(0.03%),B:2.9(0.00%),P:1e-20	Tpos:87.3,Tstd:52.3,Bpos:105.2,Bstd:77.7,StrandBias:2.1,Multiplicity:1.00
0.100	0.100	0.100	0.700
0.100	0.100	0.100	0.700
0.100	0.100	0.700	0.100
0.100	0.100	0.700	0.100
0.100	0.100	0.700	0.100
0.100	0.700	0.100	0.100
0.100	0.100	0.700	0.100
0.700	0.100	0.100	0.100
0.100	0.700	0.100	0.100
0.100	0.700	0.100	0.100
>TCCACGGGTT	21-TCCACGGGTT	10.296193	-46.849690	0	T:31.0(0.03%),B:4.0(0.00%),P:1e-20	Tpos:98.9,Tstd:56.4,Bpos:91.2,Bstd:31.6,StrandBias:-0.3,Multiplicity:1.58
0.100	0.100	0.100	0.700
0.100	0.700	0.100	0.100
0.100	0.700	0.100	0.100
0.700	0.100	0.100	0.100
0.100	0.700	0.100	0.100
0.100	0.100	0.700	0.100
0.100	0.100	0.700	0.100
0.100	0.100	0.700	0.100
0.100	0.100	0.100	0.700
0.100	0.100	0.100	0.700
>CCGACCGTGG	22-CCGACCGTGG	10.296193	-44.541611	0	T:37.0(0.04%),B:5.8(0.01%),P:1e-19	Tpos:126.8,Tstd:49.1,Bpos:72.1,Bstd:67.7,StrandBias:0.4,Multiplicity:1.00
0.100	0.700	0.100	0.100
0.100	0.700	0.100	0.100
0.100	0.100	0.700	0.100
0.700	0.100	0.100	0.100
0.100	0.700	0.100	0.100
0.100	0.700	0.100	0.100
0.100	0.100	0.700	0.100
0.100	0.100	0.100	0.700
0.100	0.100	0.700	0.100
0.100	0.100	0.700	0.100
>GTCCGAAGTT	23-GTCCGAAGTT	10.296193	-35.507960	0	T:26.0(0.03%),B:3.8(0.00%),P:1e-15	Tpos:108.5,Tstd:42.2,Bpos:81.8,Bstd:20.6,StrandBias:1.4,Multiplicity:1.00
0.100	0.100	0.700	0.100
0.100	0.100	0.100	0.700
0.100	0.700	0.100	0.100
0.100	0.700	0.100	0.100
0.100	0.100	0.700	0.100
0.700	0.100	0.100	0.100
0.700	0.100	0.100	0.100
0.100	0.100	0.700	0.100
0.100	0.100	0.100	0.700
0.100	0.100	0.100	0.700
>GGCGGGAATT	24-GGCGGGAATT	10.296193	-25.540589	0	T:34.0(0.04%),B:8.3(0.01%),P:1e-11	Tpos:117.2,Tstd:66.6,Bpos:81.8,Bstd:14.1,StrandBias:1.7,Multiplicity:1.00
0.100	0.100	0.700	0.100
0.100	0.100	0.700	0.100
0.100	0.700	0.100	0.100
0.100	0.100	0.700	0.100
0.100	0.100	0.700	0.100
0.100	0.100	0.700	0.100
0.700	0.100	0.100	0.100
0.700	0.100	0.100	0.100
0.100	0.100	0.100	0.700
0.100	0.100	0.100	0.700
>AGTCACCGCT	25-AGTCACCGCT	10.296193	-16.275763	0	T:31.0(0.03%),B:10.5(0.01%),P:1e-7	Tpos:120.8,Tstd:69.1,Bpos:139.1,Bstd:33.3,StrandBias:0.2,Multiplicity:1.00
0.700	0.100	0.100	0.100
0.100	0.100	0.700	0.100
0.100	0.100	0.100	0.700
0.100	0.700	0.100	0.100
0.700	0.100	0.100	0.100
0.100	0.700	0.100	0.100
0.100	0.700	0.100	0.100
0.100	0.100	0.700	0.100
0.100	0.700	0.100	0.100
0.100	0.100	0.100	0.700
