>DATGASTCAT	1-DATGASTCAT	7.316684	-1536.982236	0	T:6404.0(7.17%),B:2980.6(3.35%),P:1e-667	Tpos:100.5,Tstd:53.8,Bpos:101.4,Bstd:57.1,StrandBias:-0.0,Multiplicity:1.07
0.319	0.089	0.299	0.294
0.489	0.210	0.190	0.111
0.001	0.001	0.001	0.997
0.001	0.001	0.860	0.138
0.997	0.001	0.001	0.001
0.001	0.531	0.431	0.037
0.001	0.001	0.001	0.997
0.131	0.867	0.001	0.001
0.997	0.001	0.001	0.001
0.082	0.217	0.190	0.511
>AACTGAAACT	2-AACTGAAACT	6.783089	-1242.239292	0	T:14137.0(15.82%),B:9261.1(10.40%),P:1e-539	Tpos:100.0,Tstd:54.4,Bpos:100.6,Bstd:58.7,StrandBias:0.1,Multiplicity:1.17
0.557	0.070	0.127	0.246
0.613	0.112	0.037	0.238
0.179	0.414	0.231	0.176
0.079	0.112	0.067	0.742
0.011	0.001	0.987	0.001
0.992	0.006	0.001	0.001
0.946	0.001	0.018	0.035
0.997	0.001	0.001	0.001
0.103	0.578	0.292	0.027
0.090	0.334	0.080	0.496
>GGAACTGAAA	3-GGAACTGAAA	8.930358	-899.899440	0	T:4282.0(4.79%),B:2094.6(2.35%),P:1e-390	Tpos:98.9,Tstd:54.6,Bpos:101.1,Bstd:58.8,StrandBias:0.0,Multiplicity:1.02
0.277	0.137	0.585	0.001
0.337	0.143	0.519	0.001
0.997	0.001	0.001	0.001
0.883	0.001	0.001	0.115
0.001	0.658	0.340	0.001
0.001	0.041	0.185	0.773
0.001	0.001	0.997	0.001
0.997	0.001	0.001	0.001
0.624	0.001	0.201	0.174
0.997	0.001	0.001	0.001
>MTRACCACAD	4-MTRACCACAD	6.576641	-727.078373	0	T:12200.0(13.66%),B:8626.4(9.69%),P:1e-315	Tpos:99.8,Tstd:54.4,Bpos:99.7,Bstd:55.5,StrandBias:0.1,Multiplicity:1.10
0.272	0.367	0.182	0.178
0.313	0.143	0.072	0.473
0.549	0.018	0.410	0.023
0.612	0.142	0.241	0.005
0.004	0.921	0.015	0.060
0.007	0.988	0.001	0.004
0.847	0.033	0.019	0.101
0.157	0.671	0.026	0.146
0.606	0.112	0.040	0.242
0.344	0.159	0.303	0.194
>GGGGATTTCC	5-GGGGATTTCC	6.861041	-552.174847	0	T:8162.0(9.14%),B:5591.2(6.28%),P:1e-239	Tpos:101.6,Tstd:53.7,Bpos:101.2,Bstd:56.9,StrandBias:0.0,Multiplicity:1.07
0.085	0.002	0.835	0.078
0.026	0.052	0.868	0.054
0.031	0.038	0.835	0.096
0.280	0.061	0.611	0.048
0.643	0.183	0.055	0.119
0.207	0.116	0.013	0.664
0.066	0.048	0.039	0.847
0.023	0.171	0.041	0.765
0.016	0.876	0.015	0.093
0.071	0.765	0.065	0.099
>CACTAGRKGG	6-CACTAGRKGG	7.204745	-320.010484	0	T:1846.0(2.07%),B:968.0(1.09%),P:1e-138	Tpos:98.6,Tstd:51.5,Bpos:99.1,Bstd:54.0,StrandBias:0.1,Multiplicity:1.03
0.001	0.997	0.001	0.001
0.997	0.001	0.001	0.001
0.001	0.982	0.016	0.001
0.001	0.356	0.001	0.642
0.997	0.001	0.001	0.001
0.001	0.001	0.997	0.001
0.525	0.001	0.473	0.001
0.001	0.001	0.561	0.437
0.001	0.001	0.997	0.001
0.001	0.001	0.997	0.001
>ATCCCGRGGG	7-ATCCCGRGGG	7.364045	-290.827464	0	T:7374.0(8.25%),B:5545.0(6.23%),P:1e-126	Tpos:99.8,Tstd:54.8,Bpos:101.2,Bstd:58.1,StrandBias:0.0,Multiplicity:1.07
0.475	0.204	0.064	0.257
0.065	0.023	0.001	0.911
0.066	0.870	0.001	0.063
0.001	0.997	0.001	0.001
0.001	0.989	0.009	0.001
0.154	0.112	0.614	0.120
0.350	0.188	0.315	0.147
0.065	0.001	0.862	0.072
0.001	0.036	0.866	0.097
0.060	0.255	0.624	0.061
>GAAATGACCG	8-GAAATGACCG	4.840482	-253.944181	0	T:13098.0(14.66%),B:10818.9(12.15%),P:1e-110	Tpos:100.0,Tstd:54.6,Bpos:98.8,Bstd:56.6,StrandBias:0.1,Multiplicity:1.08
0.108	0.125	0.669	0.098
0.684	0.106	0.109	0.101
0.694	0.083	0.115	0.108
0.682	0.112	0.112	0.094
0.087	0.089	0.123	0.701
0.098	0.093	0.714	0.095
0.711	0.089	0.097	0.103
0.085	0.716	0.111	0.088
0.081	0.716	0.088	0.115
0.101	0.101	0.714	0.084
>TDHTGACTCA	9-TDHTGACTCA	10.940288	-231.893289	0	T:434.0(0.49%),B:126.2(0.14%),P:1e-100	Tpos:132.1,Tstd:55.7,Bpos:120.6,Bstd:41.4,StrandBias:-0.7,Multiplicity:1.00
0.025	0.072	0.025	0.878
0.304	0.001	0.304	0.391
0.376	0.240	0.025	0.359
0.001	0.001	0.001	0.997
0.001	0.001	0.997	0.001
0.997	0.001	0.001	0.001
0.001	0.784	0.214	0.001
0.001	0.001	0.304	0.694
0.001	0.997	0.001	0.001
0.997	0.001	0.001	0.001
>ATTTGCATAY	10-ATTTGCATAY	8.721918	-227.130406	0	T:1487.0(1.66%),B:814.3(0.91%),P:1e-98	Tpos:100.8,Tstd:54.2,Bpos:99.0,Bstd:53.0,StrandBias:-0.2,Multiplicity:1.02
0.827	0.011	0.115	0.047
0.019	0.001	0.018	0.962
0.001	0.001	0.001	0.997
0.034	0.008	0.035	0.923
0.018	0.060	0.879	0.043
0.038	0.882	0.001	0.079
0.962	0.019	0.018	0.001
0.001	0.001	0.035	0.963
0.530	0.141	0.130	0.199
0.135	0.423	0.151	0.291
>TTTGGTCTCG	11-TTTGGTCTCG	6.650382	-184.367278	0	T:5124.0(5.74%),B:3896.3(4.38%),P:1e-80	Tpos:101.8,Tstd:55.7,Bpos:99.5,Bstd:57.7,StrandBias:0.0,Multiplicity:1.02
0.035	0.054	0.098	0.813
0.089	0.062	0.052	0.797
0.052	0.041	0.021	0.886
0.146	0.049	0.732	0.073
0.087	0.061	0.787	0.065
0.068	0.110	0.101	0.721
0.041	0.824	0.040	0.095
0.098	0.083	0.045	0.774
0.053	0.845	0.042	0.060
0.033	0.061	0.820	0.086
>AGTTTCACTG	12-AGTTTCACTG	6.807773	-181.935939	0	T:4127.0(4.62%),B:3040.0(3.41%),P:1e-79	Tpos:98.8,Tstd:55.6,Bpos:102.3,Bstd:58.7,StrandBias:0.0,Multiplicity:1.02
0.715	0.053	0.104	0.128
0.042	0.099	0.737	0.122
0.054	0.107	0.077	0.762
0.119	0.112	0.099	0.670
0.082	0.100	0.085	0.733
0.107	0.651	0.140	0.102
0.661	0.092	0.150	0.097
0.078	0.765	0.044	0.113
0.133	0.122	0.130	0.615
0.114	0.160	0.691	0.035
>TTCCMACGYC	13-TTCCMACGYC	6.826362	-136.203917	0	T:1684.0(1.89%),B:1101.2(1.24%),P:1e-59	Tpos:97.9,Tstd:51.9,Bpos:100.7,Bstd:56.6,StrandBias:-0.1,Multiplicity:1.02
0.221	0.162	0.068	0.549
0.046	0.226	0.242	0.486
0.049	0.606	0.058	0.287
0.237	0.562	0.024	0.177
0.442	0.489	0.031	0.038
0.502	0.039	0.176	0.283
0.130	0.661	0.188	0.021
0.022	0.020	0.922	0.036
0.124	0.378	0.204	0.294
0.044	0.605	0.034	0.317
>TCGCCTCCCM	14-TCGCCTCCCM	7.485858	-113.531385	0	T:4196.0(4.70%),B:3313.5(3.72%),P:1e-49	Tpos:99.7,Tstd:55.8,Bpos:100.9,Bstd:55.7,StrandBias:0.0,Multiplicity:1.07
0.130	0.112	0.156	0.602
0.065	0.750	0.165	0.020
0.007	0.135	0.800	0.058
0.101	0.731	0.031	0.137
0.154	0.650	0.127	0.069
0.101	0.013	0.057	0.829
0.072	0.698	0.190	0.040
0.068	0.814	0.033	0.085
0.050	0.718	0.008	0.224
0.326	0.426	0.146	0.102
>CCTAAACGCT	15-CCTAAACGCT	12.780349	-74.438804	0	T:42.0(0.05%),B:4.0(0.00%),P:1e-32	Tpos:113.7,Tstd:63.7,Bpos:72.3,Bstd:47.3,StrandBias:1.1,Multiplicity:1.10
0.001	0.997	0.001	0.001
0.001	0.997	0.001	0.001
0.001	0.001	0.001	0.997
0.997	0.001	0.001	0.001
0.997	0.001	0.001	0.001
0.997	0.001	0.001	0.001
0.001	0.997	0.001	0.001
0.001	0.001	0.997	0.001
0.348	0.650	0.001	0.001
0.001	0.001	0.001	0.997
>AATACCTAAG	16-AATACCTAAG	10.296193	-64.033283	0	T:38.0(0.04%),B:3.9(0.00%),P:1e-27	Tpos:99.6,Tstd:43.3,Bpos:121.2,Bstd:58.5,StrandBias:0.2,Multiplicity:1.00
0.700	0.100	0.100	0.100
0.700	0.100	0.100	0.100
0.100	0.100	0.100	0.700
0.700	0.100	0.100	0.100
0.100	0.700	0.100	0.100
0.100	0.700	0.100	0.100
0.100	0.100	0.100	0.700
0.700	0.100	0.100	0.100
0.700	0.100	0.100	0.100
0.100	0.100	0.700	0.100
>GATCTRTGCG	17-GATCTRTGCG	11.496101	-60.982744	0	T:41.0(0.05%),B:4.4(0.00%),P:1e-26	Tpos:102.2,Tstd:66.7,Bpos:57.5,Bstd:32.3,StrandBias:-0.8,Multiplicity:1.00
0.001	0.001	0.997	0.001
0.997	0.001	0.001	0.001
0.237	0.001	0.001	0.761
0.001	0.997	0.001	0.001
0.001	0.001	0.001	0.997
0.531	0.001	0.467	0.001
0.001	0.001	0.001	0.997
0.001	0.001	0.761	0.237
0.001	0.997	0.001	0.001
0.001	0.001	0.997	0.001
>TAATTAGTGG	18-TAATTAGTGG	10.296193	-56.273307	0	T:46.0(0.05%),B:6.7(0.01%),P:1e-24	Tpos:119.2,Tstd:31.6,Bpos:81.2,Bstd:39.7,StrandBias:-0.3,Multiplicity:1.06
0.100	0.100	0.100	0.700
0.700	0.100	0.100	0.100
0.700	0.100	0.100	0.100
0.100	0.100	0.100	0.700
0.100	0.100	0.100	0.700
0.700	0.100	0.100	0.100
0.100	0.100	0.700	0.100
0.100	0.100	0.100	0.700
0.100	0.100	0.700	0.100
0.100	0.100	0.700	0.100
>TACCCCTTTA	19-TACCCCTTTA	11.334866	-53.711685	0	T:59.0(0.07%),B:11.8(0.01%),P:1e-23	Tpos:87.6,Tstd:69.0,Bpos:72.1,Bstd:60.2,StrandBias:-1.0,Multiplicity:1.00
0.001	0.001	0.001	0.997
0.997	0.001	0.001	0.001
0.001	0.997	0.001	0.001
0.001	0.997	0.001	0.001
0.001	0.997	0.001	0.001
0.001	0.916	0.082	0.001
0.001	0.001	0.001	0.997
0.001	0.001	0.001	0.997
0.001	0.001	0.001	0.997
0.997	0.001	0.001	0.001
>TTGGGCGACC	20-TTGGGCGACC	10.296193	-47.690218	0	T:27.0(0.03%),B:2.9(0.00%),P:1e-20	Tpos:87.3,Tstd:52.3,Bpos:105.2,Bstd:77.7,StrandBias:2.1,Multiplicity:1.00
0.100	0.100	0.100	0.700
0.100	0.100	0.100	0.700
0.100	0.100	0.700	0.100
0.100	0.100	0.700	0.100
0.100	0.100	0.700	0.100
0.100	0.700	0.100	0.100
0.100	0.100	0.700	0.100
0.700	0.100	0.100	0.100
0.100	0.700	0.100	0.100
0.100	0.700	0.100	0.100
>TCCACGGGTT	21-TCCACGGGTT	10.296193	-46.849690	0	T:31.0(0.03%),B:4.0(0.00%),P:1e-20	Tpos:98.9,Tstd:56.4,Bpos:91.2,Bstd:31.6,StrandBias:-0.3,Multiplicity:1.58
0.100	0.100	0.100	0.700
0.100	0.700	0.100	0.100
0.100	0.700	0.100	0.100
0.700	0.100	0.100	0.100
0.100	0.700	0.100	0.100
0.100	0.100	0.700	0.100
0.100	0.100	0.700	0.100
0.100	0.100	0.700	0.100
0.100	0.100	0.100	0.700
0.100	0.100	0.100	0.700
>CCGACCGTGG	22-CCGACCGTGG	10.296193	-44.541611	0	T:37.0(0.04%),B:5.8(0.01%),P:1e-19	Tpos:126.8,Tstd:49.1,Bpos:72.1,Bstd:67.7,StrandBias:0.4,Multiplicity:1.00
0.100	0.700	0.100	0.100
0.100	0.700	0.100	0.100
0.100	0.100	0.700	0.100
0.700	0.100	0.100	0.100
0.100	0.700	0.100	0.100
0.100	0.700	0.100	0.100
0.100	0.100	0.700	0.100
0.100	0.100	0.100	0.700
0.100	0.100	0.700	0.100
0.100	0.100	0.700	0.100
>GTCCGAAGTT	23-GTCCGAAGTT	10.296193	-35.507960	0	T:26.0(0.03%),B:3.8(0.00%),P:1e-15	Tpos:108.5,Tstd:42.2,Bpos:81.8,Bstd:20.6,StrandBias:1.4,Multiplicity:1.00
0.100	0.100	0.700	0.100
0.100	0.100	0.100	0.700
0.100	0.700	0.100	0.100
0.100	0.700	0.100	0.100
0.100	0.100	0.700	0.100
0.700	0.100	0.100	0.100
0.700	0.100	0.100	0.100
0.100	0.100	0.700	0.100
0.100	0.100	0.100	0.700
0.100	0.100	0.100	0.700
>GGCGGGAATT	24-GGCGGGAATT	10.296193	-25.540589	0	T:34.0(0.04%),B:8.3(0.01%),P:1e-11	Tpos:117.2,Tstd:66.6,Bpos:81.8,Bstd:14.1,StrandBias:1.7,Multiplicity:1.00
0.100	0.100	0.700	0.100
0.100	0.100	0.700	0.100
0.100	0.700	0.100	0.100
0.100	0.100	0.700	0.100
0.100	0.100	0.700	0.100
0.100	0.100	0.700	0.100
0.700	0.100	0.100	0.100
0.700	0.100	0.100	0.100
0.100	0.100	0.100	0.700
0.100	0.100	0.100	0.700
>AGTCACCGCT	25-AGTCACCGCT	10.296193	-16.275763	0	T:31.0(0.03%),B:10.5(0.01%),P:1e-7	Tpos:120.8,Tstd:69.1,Bpos:139.1,Bstd:33.3,StrandBias:0.2,Multiplicity:1.00
0.700	0.100	0.100	0.100
0.100	0.100	0.700	0.100
0.100	0.100	0.100	0.700
0.100	0.700	0.100	0.100
0.700	0.100	0.100	0.100
0.100	0.700	0.100	0.100
0.100	0.700	0.100	0.100
0.100	0.100	0.700	0.100
0.100	0.700	0.100	0.100
0.100	0.100	0.100	0.700
>DMTGASTCATHH	1-DMTGASTCATHH	7.375472	-1573.014953	0	T:6364.0(7.12%),B:2923.1(3.28%),P:1e-683	Tpos:100.4,Tstd:53.3,Bpos:99.1,Bstd:56.3,StrandBias:-0.0,Multiplicity:1.08
0.336	0.129	0.229	0.306
0.386	0.270	0.199	0.144
0.012	0.001	0.001	0.986
0.001	0.006	0.808	0.185
0.968	0.001	0.001	0.030
0.102	0.378	0.395	0.125
0.033	0.001	0.001	0.965
0.192	0.700	0.107	0.001
0.997	0.001	0.001	0.001
0.144	0.209	0.244	0.403
0.303	0.233	0.117	0.347
0.304	0.223	0.153	0.320
>DGRAASTGAAAS	2-DGRAASTGAAAS	8.839614	-1056.557603	0	T:5255.0(5.88%),B:2622.4(2.95%),P:1e-458	Tpos:99.0,Tstd:53.4,Bpos:98.9,Bstd:59.0,StrandBias:0.0,Multiplicity:1.07
0.244	0.137	0.243	0.376
0.270	0.139	0.476	0.115
0.516	0.001	0.438	0.045
0.820	0.001	0.125	0.054
0.852	0.001	0.028	0.119
0.150	0.445	0.339	0.066
0.130	0.001	0.001	0.868
0.054	0.001	0.944	0.001
0.990	0.004	0.005	0.001
0.787	0.025	0.187	0.001
0.966	0.001	0.001	0.032
0.238	0.432	0.283	0.047
>GCCMYCTRGTGG	3-GCCMYCTRGTGG	10.300226	-776.534695	0	T:1586.0(1.78%),B:489.6(0.55%),P:1e-337	Tpos:99.7,Tstd:49.3,Bpos:98.9,Bstd:53.2,StrandBias:0.2,Multiplicity:1.02
0.124	0.002	0.750	0.124
0.108	0.847	0.044	0.001
0.001	0.988	0.010	0.001
0.435	0.563	0.001	0.001
0.001	0.555	0.001	0.443
0.001	0.997	0.001	0.001
0.134	0.093	0.001	0.772
0.440	0.029	0.347	0.184
0.001	0.146	0.835	0.018
0.060	0.001	0.023	0.916
0.001	0.001	0.997	0.001
0.041	0.001	0.872	0.086
>TCTGTGGTYAKG	4-TCTGTGGTYAKG	8.391263	-438.601301	0	T:3312.0(3.71%),B:1901.9(2.14%),P:1e-190	Tpos:100.5,Tstd:54.1,Bpos:98.4,Bstd:55.1,StrandBias:-0.1,Multiplicity:1.03
0.214	0.098	0.208	0.480
0.076	0.464	0.162	0.298
0.066	0.001	0.001	0.932
0.001	0.025	0.821	0.153
0.016	0.001	0.027	0.956
0.001	0.001	0.997	0.001
0.026	0.163	0.755	0.056
0.001	0.089	0.008	0.902
0.064	0.454	0.001	0.480
0.624	0.001	0.173	0.202
0.242	0.001	0.429	0.329
0.172	0.088	0.464	0.276
>STTTCAGAATGA	5-STTTCAGAATGA	8.444731	-430.811386	0	T:3437.0(3.85%),B:2006.2(2.25%),P:1e-187	Tpos:98.8,Tstd:52.9,Bpos:100.5,Bstd:57.3,StrandBias:-0.1,Multiplicity:1.03
0.084	0.266	0.408	0.241
0.001	0.001	0.001	0.997
0.027	0.107	0.001	0.865
0.004	0.040	0.021	0.935
0.001	0.994	0.001	0.004
0.928	0.001	0.001	0.070
0.207	0.146	0.425	0.222
0.565	0.048	0.167	0.220
0.640	0.191	0.050	0.119
0.121	0.001	0.065	0.813
0.117	0.221	0.532	0.130
0.647	0.110	0.095	0.148
>GGGAATTCCCCH	6-GGGAATTCCCCH	8.624160	-429.068319	0	T:2547.0(2.85%),B:1349.6(1.52%),P:1e-186	Tpos:101.2,Tstd:52.4,Bpos:101.1,Bstd:56.0,StrandBias:-0.0,Multiplicity:1.04
0.107	0.001	0.767	0.125
0.001	0.001	0.997	0.001
0.219	0.001	0.779	0.001
0.642	0.034	0.323	0.001
0.540	0.171	0.106	0.183
0.257	0.086	0.165	0.492
0.014	0.141	0.077	0.768
0.001	0.580	0.001	0.418
0.001	0.996	0.001	0.002
0.001	0.997	0.001	0.001
0.206	0.579	0.001	0.214
0.312	0.224	0.144	0.320
>BTGTGGTTTCHN	7-BTGTGGTTTCHN	6.933799	-423.170246	0	T:9657.0(10.81%),B:7167.7(8.05%),P:1e-183	Tpos:101.0,Tstd:54.5,Bpos:99.8,Bstd:57.0,StrandBias:-0.0,Multiplicity:1.07
0.154	0.265	0.260	0.321
0.144	0.087	0.238	0.531
0.040	0.028	0.800	0.132
0.082	0.023	0.125	0.770
0.021	0.042	0.901	0.036
0.072	0.186	0.648	0.094
0.012	0.035	0.048	0.905
0.004	0.017	0.031	0.948
0.038	0.046	0.062	0.854
0.030	0.784	0.098	0.088
0.405	0.282	0.044	0.269
0.194	0.328	0.230	0.248
>GGAAAGTCCCTA	8-GGAAAGTCCCTA	9.617732	-322.344646	0	T:1167.0(1.31%),B:504.0(0.57%),P:1e-139	Tpos:104.0,Tstd:52.5,Bpos:105.8,Bstd:58.0,StrandBias:-0.1,Multiplicity:1.01
0.104	0.001	0.894	0.001
0.058	0.059	0.882	0.001
0.755	0.047	0.161	0.037
0.944	0.001	0.028	0.027
0.951	0.001	0.047	0.001
0.001	0.078	0.920	0.001
0.053	0.055	0.047	0.845
0.253	0.704	0.042	0.001
0.049	0.827	0.001	0.123
0.094	0.868	0.001	0.037
0.003	0.291	0.001	0.705
0.436	0.123	0.223	0.218
>AGTTTCAGTCAT	9-AGTTTCAGTCAT	9.606932	-231.060869	0	T:1067.0(1.19%),B:513.7(0.58%),P:1e-100	Tpos:103.3,Tstd:54.4,Bpos:102.7,Bstd:57.5,StrandBias:-0.1,Multiplicity:1.01
0.870	0.001	0.059	0.070
0.095	0.029	0.730	0.146
0.054	0.001	0.009	0.936
0.001	0.078	0.001	0.920
0.065	0.055	0.001	0.879
0.001	0.997	0.001	0.001
0.842	0.001	0.001	0.156
0.074	0.090	0.835	0.001
0.048	0.078	0.112	0.762
0.124	0.657	0.123	0.096
0.801	0.084	0.001	0.114
0.094	0.088	0.074	0.744
>TCGGTSGGAGGA	10-TCGGTSGGAGGA	12.395395	-157.189616	0	T:52.0(0.06%),B:0.0(0.00%),P:1e-68	Tpos:72.8,Tstd:55.4,Bpos:0.0,Bstd:0.0,StrandBias:0.3,Multiplicity:1.00
0.181	0.001	0.147	0.671
0.001	0.816	0.060	0.123
0.003	0.106	0.886	0.005
0.019	0.014	0.966	0.001
0.070	0.001	0.005	0.924
0.001	0.565	0.433	0.001
0.422	0.001	0.576	0.001
0.096	0.009	0.894	0.001
0.690	0.001	0.228	0.081
0.014	0.005	0.980	0.001
0.019	0.027	0.953	0.001
0.537	0.268	0.190	0.005
>CCTGGGGCTCGC	11-CCTGGGGCTCGC	11.710821	-145.436061	0	T:59.0(0.07%),B:2.9(0.00%),P:1e-63	Tpos:74.2,Tstd:45.9,Bpos:120.4,Bstd:52.2,StrandBias:0.8,Multiplicity:1.00
0.045	0.847	0.075	0.033
0.030	0.851	0.014	0.105
0.068	0.010	0.057	0.865
0.036	0.152	0.517	0.295
0.039	0.094	0.786	0.081
0.141	0.052	0.802	0.005
0.069	0.103	0.719	0.109
0.276	0.570	0.091	0.063
0.100	0.015	0.080	0.805
0.068	0.774	0.053	0.105
0.005	0.001	0.993	0.001
0.018	0.840	0.001	0.141
>GGTTAATCATTA	12-GGTTAATCATTA	10.108932	-135.594085	0	T:395.0(0.44%),B:153.6(0.17%),P:1e-58	Tpos:101.4,Tstd:52.9,Bpos:96.5,Bstd:60.1,StrandBias:0.1,Multiplicity:1.02
0.301	0.001	0.591	0.107
0.037	0.079	0.796	0.088
0.021	0.026	0.038	0.915
0.045	0.001	0.015	0.939
0.890	0.033	0.009	0.068
0.938	0.001	0.004	0.057
0.108	0.008	0.001	0.883
0.143	0.496	0.277	0.084
0.727	0.017	0.001	0.255
0.015	0.001	0.007	0.977
0.034	0.035	0.001	0.930
0.801	0.077	0.058	0.064
>GATCCAGCACGC	13-GATCCAGCACGC	13.319645	-125.404381	0	T:53.0(0.06%),B:2.3(0.00%),P:1e-54	Tpos:93.7,Tstd:63.1,Bpos:127.4,Bstd:47.5,StrandBias:1.3,Multiplicity:1.00
0.019	0.001	0.979	0.001
0.635	0.289	0.044	0.032
0.001	0.019	0.001	0.979
0.001	0.997	0.001	0.001
0.001	0.997	0.001	0.001
0.676	0.322	0.001	0.001
0.001	0.001	0.997	0.001
0.001	0.639	0.359	0.001
0.794	0.204	0.001	0.001
0.053	0.783	0.163	0.001
0.001	0.114	0.882	0.003
0.001	0.989	0.009	0.001
>AGCRGYAGGCAA	14-AGCRGYAGGCAA	12.977508	-122.498839	0	T:59.0(0.07%),B:3.6(0.00%),P:1e-53	Tpos:125.6,Tstd:52.2,Bpos:116.1,Bstd:10.7,StrandBias:-0.4,Multiplicity:1.00
0.997	0.001	0.001	0.001
0.001	0.001	0.997	0.001
0.001	0.997	0.001	0.001
0.555	0.001	0.443	0.001
0.001	0.001	0.997	0.001
0.001	0.555	0.001	0.443
0.912	0.001	0.001	0.086
0.001	0.001	0.997	0.001
0.001	0.001	0.997	0.001
0.001	0.997	0.001	0.001
0.997	0.001	0.001	0.001
0.997	0.001	0.001	0.001
>GCTGCTCCGCCG	15-GCTGCTCCGCCG	9.712585	-98.492624	0	T:56.0(0.06%),B:4.8(0.01%),P:1e-42	Tpos:88.4,Tstd:54.2,Bpos:66.7,Bstd:30.8,StrandBias:0.0,Multiplicity:1.00
0.001	0.001	0.973	0.025
0.001	0.997	0.001	0.001
0.001	0.001	0.001	0.997
0.001	0.001	0.997	0.001
0.001	0.997	0.001	0.001
0.001	0.001	0.001	0.997
0.004	0.969	0.001	0.026
0.001	0.997	0.001	0.001
0.001	0.001	0.997	0.001
0.001	0.997	0.001	0.001
0.001	0.958	0.001	0.040
0.001	0.001	0.997	0.001
>CCTTCTGTGGGA	16-CCTTCTGTGGGA	13.239038	-93.235176	0	T:54.0(0.06%),B:4.6(0.01%),P:1e-40	Tpos:106.2,Tstd:53.3,Bpos:118.7,Bstd:31.7,StrandBias:1.1,Multiplicity:1.00
0.001	0.997	0.001	0.001
0.001	0.997	0.001	0.001
0.001	0.001	0.001	0.997
0.001	0.001	0.001	0.997
0.001	0.997	0.001	0.001
0.001	0.001	0.001	0.997
0.001	0.001	0.997	0.001
0.001	0.001	0.001	0.997
0.001	0.001	0.719	0.279
0.001	0.048	0.950	0.001
0.001	0.001	0.997	0.001
0.997	0.001	0.001	0.001
>GCCGCGCCCAAA	17-GCCGCGCCCAAA	11.997060	-90.741514	0	T:48.0(0.05%),B:3.4(0.00%),P:1e-39	Tpos:111.2,Tstd:54.6,Bpos:63.7,Bstd:30.1,StrandBias:-0.5,Multiplicity:1.56
0.001	0.001	0.997	0.001
0.001	0.835	0.080	0.084
0.001	0.992	0.006	0.001
0.029	0.032	0.938	0.001
0.084	0.883	0.032	0.001
0.001	0.001	0.997	0.001
0.160	0.838	0.001	0.001
0.189	0.781	0.029	0.001
0.001	0.641	0.001	0.357
0.997	0.001	0.001	0.001
0.997	0.001	0.001	0.001
0.997	0.001	0.001	0.001
>GGTCAGGGGCCA	18-GGTCAGGGGCCA	13.641737	-85.220165	0	T:46.0(0.05%),B:3.9(0.00%),P:1e-37	Tpos:101.7,Tstd:38.7,Bpos:113.3,Bstd:51.3,StrandBias:0.4,Multiplicity:1.00
0.001	0.001	0.997	0.001
0.001	0.001	0.997	0.001
0.001	0.001	0.001	0.997
0.001	0.997	0.001	0.001
0.997	0.001	0.001	0.001
0.001	0.059	0.939	0.001
0.001	0.123	0.875	0.001
0.001	0.001	0.997	0.001
0.001	0.001	0.997	0.001
0.001	0.997	0.001	0.001
0.001	0.997	0.001	0.001
0.997	0.001	0.001	0.001
>CTTCCCCCACTT	19-CTTCCCCCACTT	12.437796	-78.465471	0	T:38.0(0.04%),B:2.7(0.00%),P:1e-34	Tpos:73.0,Tstd:58.5,Bpos:51.2,Bstd:39.5,StrandBias:-1.1,Multiplicity:1.00
0.001	0.997	0.001	0.001
0.001	0.001	0.001	0.997
0.001	0.001	0.001	0.997
0.001	0.997	0.001	0.001
0.001	0.997	0.001	0.001
0.001	0.997	0.001	0.001
0.001	0.997	0.001	0.001
0.001	0.982	0.016	0.001
0.968	0.001	0.030	0.001
0.001	0.997	0.001	0.001
0.001	0.001	0.001	0.997
0.001	0.001	0.001	0.997
>CCACGGGTTCCC	20-CCACGGGTTCCC	13.301993	-75.522481	0	T:37.0(0.04%),B:2.8(0.00%),P:1e-32	Tpos:91.5,Tstd:50.9,Bpos:143.0,Bstd:26.3,StrandBias:-0.4,Multiplicity:1.49
0.001	0.508	0.252	0.239
0.001	0.997	0.001	0.001
0.997	0.001	0.001	0.001
0.001	0.997	0.001	0.001
0.001	0.001	0.997	0.001
0.001	0.001	0.760	0.238
0.251	0.001	0.747	0.001
0.001	0.001	0.001	0.997
0.001	0.001	0.001	0.997
0.001	0.760	0.001	0.238
0.001	0.997	0.001	0.001
0.001	0.997	0.001	0.001
>CCGCCTTTCCCG	21-CCGCCTTTCCCG	11.078007	-72.606091	0	T:36.0(0.04%),B:2.6(0.00%),P:1e-31	Tpos:102.4,Tstd:54.5,Bpos:69.5,Bstd:0.6,StrandBias:-0.7,Multiplicity:1.00
0.004	0.994	0.001	0.001
0.001	0.997	0.001	0.001
0.001	0.001	0.997	0.001
0.001	0.997	0.001	0.001
0.004	0.994	0.001	0.001
0.001	0.001	0.001	0.997
0.001	0.001	0.001	0.997
0.001	0.001	0.001	0.997
0.001	0.997	0.001	0.001
0.001	0.997	0.001	0.001
0.001	0.997	0.001	0.001
0.001	0.001	0.997	0.001
>CCGCCCAGGACC	22-CCGCCCAGGACC	11.637336	-70.525042	0	T:45.0(0.05%),B:4.6(0.01%),P:1e-30	Tpos:97.4,Tstd:52.3,Bpos:85.5,Bstd:55.1,StrandBias:0.5,Multiplicity:1.24
0.001	0.997	0.001	0.001
0.001	0.997	0.001	0.001
0.001	0.001	0.997	0.001
0.001	0.997	0.001	0.001
0.001	0.997	0.001	0.001
0.094	0.904	0.001	0.001
0.997	0.001	0.001	0.001
0.001	0.001	0.997	0.001
0.001	0.001	0.997	0.001
0.997	0.001	0.001	0.001
0.001	0.924	0.001	0.074
0.001	0.997	0.001	0.001
>CGACATTACAGG	23-CGACATTACAGG	9.837651	-68.105376	0	T:44.0(0.05%),B:4.4(0.00%),P:1e-29	Tpos:124.6,Tstd:52.5,Bpos:103.0,Bstd:56.1,StrandBias:-0.4,Multiplicity:1.00
0.148	0.559	0.152	0.141
0.120	0.156	0.592	0.132
0.682	0.112	0.107	0.099
0.116	0.662	0.138	0.084
0.676	0.132	0.074	0.118
0.090	0.112	0.119	0.679
0.090	0.133	0.129	0.648
0.614	0.134	0.126	0.126
0.108	0.713	0.108	0.071
0.733	0.091	0.067	0.109
0.097	0.064	0.761	0.078
0.120	0.104	0.679	0.097
>CCTGGAGAGAGC	24-CCTGGAGAGAGC	11.304164	-64.023972	0	T:33.0(0.04%),B:2.6(0.00%),P:1e-27	Tpos:114.1,Tstd:45.6,Bpos:64.0,Bstd:45.8,StrandBias:1.6,Multiplicity:1.00
0.001	0.997	0.001	0.001
0.001	0.997	0.001	0.001
0.001	0.001	0.001	0.997
0.001	0.005	0.993	0.001
0.001	0.001	0.997	0.001
0.997	0.001	0.001	0.001
0.001	0.001	0.997	0.001
0.997	0.001	0.001	0.001
0.001	0.001	0.997	0.001
0.997	0.001	0.001	0.001
0.001	0.001	0.997	0.001
0.001	0.997	0.001	0.001
>ACCGCAAGKCCC	25-ACCGCAAGKCCC	14.760252	-52.810127	0	T:41.0(0.05%),B:5.0(0.01%),P:1e-22	Tpos:127.8,Tstd:40.1,Bpos:85.8,Bstd:38.5,StrandBias:-0.3,Multiplicity:1.00
0.997	0.001	0.001	0.001
0.001	0.997	0.001	0.001
0.001	0.997	0.001	0.001
0.001	0.360	0.638	0.001
0.001	0.997	0.001	0.001
0.835	0.001	0.163	0.001
0.997	0.001	0.001	0.001
0.001	0.001	0.997	0.001
0.001	0.001	0.474	0.524
0.001	0.997	0.001	0.001
0.001	0.997	0.001	0.001
0.001	0.997	0.001	0.001
>ATGAGTCA	1-ATGAGTCA	6.255256	-1425.266653	0	T:8102.0(9.07%),B:4282.9(4.81%),P:1e-618	Tpos:100.2,Tstd:54.3,Bpos:100.7,Bstd:57.4,StrandBias:0.0,Multiplicity:1.09
0.758	0.105	0.051	0.086
0.001	0.001	0.001	0.997
0.001	0.001	0.963	0.035
0.990	0.001	0.001	0.008
0.028	0.317	0.630	0.025
0.001	0.001	0.001	0.997
0.035	0.963	0.001	0.001
0.997	0.001	0.001	0.001
>TGAAACTA	2-TGAAACTA	6.273371	-851.976538	0	T:12951.0(14.50%),B:8999.2(10.11%),P:1e-370	Tpos:100.8,Tstd:55.4,Bpos:101.1,Bstd:58.7,StrandBias:-0.0,Multiplicity:1.08
0.134	0.230	0.058	0.578
0.053	0.028	0.918	0.001
0.891	0.049	0.021	0.039
0.815	0.056	0.049	0.080
0.890	0.065	0.018	0.027
0.102	0.648	0.242	0.008
0.053	0.289	0.056	0.602
0.657	0.128	0.152	0.063
>AACTGAAA	3-AACTGAAA	6.539155	-841.533984	0	T:13511.0(15.12%),B:9497.5(10.67%),P:1e-365	Tpos:99.8,Tstd:55.5,Bpos:100.2,Bstd:59.4,StrandBias:0.0,Multiplicity:1.15
0.645	0.062	0.075	0.218
0.675	0.047	0.038	0.240
0.133	0.587	0.262	0.018
0.043	0.223	0.086	0.648
0.039	0.029	0.894	0.038
0.846	0.073	0.054	0.027
0.786	0.045	0.136	0.033
0.922	0.030	0.044	0.004
>TGTGGTTA	4-TGTGGTTA	4.922009	-696.207453	0	T:18052.0(20.21%),B:13829.7(15.53%),P:1e-302	Tpos:100.2,Tstd:54.9,Bpos:99.9,Bstd:56.3,StrandBias:-0.0,Multiplicity:1.16
0.076	0.023	0.001	0.900
0.008	0.001	0.980	0.011
0.026	0.006	0.001	0.967
0.001	0.001	0.997	0.001
0.001	0.011	0.987	0.001
0.001	0.022	0.013	0.964
0.021	0.165	0.027	0.787
0.614	0.001	0.103	0.282
>TAATGAST	5-TAATGAST	6.577803	-347.327832	0	T:9194.0(10.29%),B:6974.3(7.83%),P:1e-150	Tpos:101.8,Tstd:55.7,Bpos:100.0,Bstd:56.4,StrandBias:-0.0,Multiplicity:1.07
0.260	0.001	0.001	0.738
0.847	0.001	0.001	0.151
0.871	0.127	0.001	0.001
0.132	0.001	0.001	0.866
0.036	0.246	0.477	0.241
0.997	0.001	0.001	0.001
0.001	0.437	0.356	0.206
0.019	0.273	0.080	0.628
>TCGTTTTG	6-TCGTTTTG	5.254118	-221.537406	0	T:18624.0(20.85%),B:16125.8(18.11%),P:1e-96	Tpos:100.4,Tstd:56.5,Bpos:100.3,Bstd:59.4,StrandBias:-0.0,Multiplicity:1.14
0.161	0.265	0.123	0.451
0.031	0.541	0.252	0.176
0.089	0.139	0.771	0.001
0.060	0.001	0.369	0.570
0.022	0.046	0.001	0.931
0.206	0.028	0.001	0.765
0.247	0.207	0.006	0.540
0.034	0.152	0.638	0.176
>GAAWTCCC	7-GAAWTCCC	5.046269	-208.027362	0	T:33524.0(37.53%),B:30537.6(34.30%),P:1e-90	Tpos:100.2,Tstd:55.1,Bpos:100.2,Bstd:57.4,StrandBias:0.0,Multiplicity:1.26
0.289	0.001	0.709	0.001
0.553	0.178	0.268	0.001
0.997	0.001	0.001	0.001
0.407	0.058	0.050	0.485
0.109	0.228	0.122	0.541
0.001	0.526	0.141	0.332
0.112	0.826	0.061	0.001
0.001	0.690	0.308	0.001
>CGCTGACC	8-CGCTGACC	6.693228	-191.517546	0	T:9012.0(10.09%),B:7344.6(8.25%),P:1e-83	Tpos:99.5,Tstd:55.2,Bpos:100.1,Bstd:57.7,StrandBias:0.1,Multiplicity:1.09
0.031	0.870	0.042	0.057
0.001	0.096	0.849	0.054
0.036	0.929	0.001	0.034
0.001	0.001	0.095	0.903
0.001	0.001	0.997	0.001
0.569	0.166	0.160	0.105
0.012	0.986	0.001	0.001
0.001	0.997	0.001	0.001
>ATGCAAAT	9-ATGCAAAT	8.236954	-180.278520	0	T:1177.0(1.32%),B:644.3(0.72%),P:1e-78	Tpos:101.3,Tstd:54.2,Bpos:98.1,Bstd:53.5,StrandBias:0.2,Multiplicity:1.01
0.700	0.100	0.100	0.100
0.100	0.100	0.100	0.700
0.100	0.100	0.700	0.100
0.100	0.700	0.100	0.100
0.700	0.100	0.100	0.100
0.700	0.100	0.100	0.100
0.700	0.100	0.100	0.100
0.100	0.100	0.100	0.700
>GAGGAAGT	10-GAGGAAGT	7.713896	-173.740640	0	T:6473.0(7.25%),B:5124.2(5.75%),P:1e-75	Tpos:98.3,Tstd:56.0,Bpos:99.7,Bstd:58.2,StrandBias:0.1,Multiplicity:1.03
0.101	0.101	0.797	0.001
0.997	0.001	0.001	0.001
0.001	0.001	0.997	0.001
0.318	0.001	0.680	0.001
0.997	0.001	0.001	0.001
0.997	0.001	0.001	0.001
0.064	0.001	0.934	0.001
0.001	0.001	0.001	0.997
>CTGGCCTG	11-CTGGCCTG	5.697460	-168.752397	0	T:19657.0(22.00%),B:17414.4(19.56%),P:1e-73	Tpos:99.4,Tstd:56.0,Bpos:100.9,Bstd:56.4,StrandBias:-0.0,Multiplicity:1.20
0.001	0.862	0.100	0.037
0.094	0.055	0.034	0.817
0.016	0.034	0.908	0.042
0.001	0.001	0.917	0.081
0.029	0.969	0.001	0.001
0.001	0.843	0.091	0.065
0.001	0.032	0.130	0.837
0.001	0.061	0.906	0.032
>TATGCAAA	12-TATGCAAA	8.682976	-153.058218	0	T:2724.0(3.05%),B:1921.9(2.16%),P:1e-66	Tpos:97.0,Tstd:56.7,Bpos:98.4,Bstd:56.5,StrandBias:0.0,Multiplicity:1.02
0.181	0.001	0.001	0.817
0.997	0.001	0.001	0.001
0.001	0.001	0.001	0.997
0.163	0.001	0.835	0.001
0.001	0.997	0.001	0.001
0.997	0.001	0.001	0.001
0.997	0.001	0.001	0.001
0.864	0.134	0.001	0.001
>CCCTCGGG	13-CCCTCGGG	5.301556	-129.249904	0	T:19330.0(21.64%),B:17371.7(19.51%),P:1e-56	Tpos:100.3,Tstd:55.7,Bpos:101.3,Bstd:59.8,StrandBias:0.0,Multiplicity:1.28
0.042	0.768	0.128	0.062
0.040	0.795	0.059	0.106
0.085	0.721	0.077	0.117
0.145	0.080	0.064	0.711
0.059	0.760	0.089	0.092
0.021	0.151	0.749	0.079
0.102	0.109	0.715	0.074
0.037	0.093	0.782	0.088
>AAGCGAGA	14-AAGCGAGA	7.460865	-112.596605	0	T:3598.0(4.03%),B:2787.9(3.13%),P:1e-48	Tpos:101.2,Tstd:54.7,Bpos:99.6,Bstd:57.9,StrandBias:0.0,Multiplicity:1.04
0.795	0.057	0.001	0.147
0.997	0.001	0.001	0.001
0.001	0.089	0.829	0.081
0.001	0.832	0.001	0.166
0.001	0.266	0.732	0.001
0.834	0.001	0.164	0.001
0.001	0.001	0.997	0.001
0.816	0.001	0.001	0.182
>TAGGTGGC	15-TAGGTGGC	9.139556	-101.409896	0	T:1314.0(1.47%),B:869.9(0.98%),P:1e-44	Tpos:99.8,Tstd:55.5,Bpos:99.6,Bstd:54.9,StrandBias:-0.1,Multiplicity:1.00
0.001	0.001	0.001	0.997
0.997	0.001	0.001	0.001
0.001	0.001	0.997	0.001
0.225	0.001	0.773	0.001
0.001	0.001	0.001	0.997
0.001	0.052	0.946	0.001
0.001	0.001	0.997	0.001
0.001	0.678	0.001	0.320
>GACCGGGC	16-GACCGGGC	7.677763	-90.758388	0	T:1828.0(2.05%),B:1319.7(1.48%),P:1e-39	Tpos:101.2,Tstd:54.4,Bpos:101.4,Bstd:60.3,StrandBias:-0.0,Multiplicity:1.03
0.001	0.001	0.997	0.001
0.997	0.001	0.001	0.001
0.001	0.764	0.001	0.234
0.001	0.997	0.001	0.001
0.001	0.001	0.997	0.001
0.001	0.001	0.851	0.147
0.001	0.001	0.997	0.001
0.168	0.750	0.001	0.081
>TGACCTTD	17-TGACCTTD	7.959287	-88.273021	0	T:2691.0(3.01%),B:2071.7(2.33%),P:1e-38	Tpos:96.5,Tstd:54.9,Bpos:100.4,Bstd:58.3,StrandBias:0.1,Multiplicity:1.01
0.066	0.182	0.003	0.749
0.001	0.001	0.997	0.001
0.911	0.087	0.001	0.001
0.001	0.664	0.001	0.334
0.001	0.997	0.001	0.001
0.309	0.103	0.060	0.528
0.052	0.134	0.001	0.813
0.320	0.001	0.292	0.386
>GATTYWCG	18-GATTYWCG	7.088275	-84.948791	0	T:925.0(1.04%),B:588.6(0.66%),P:1e-36	Tpos:102.3,Tstd:55.9,Bpos:96.5,Bstd:60.1,StrandBias:0.2,Multiplicity:1.00
0.001	0.072	0.910	0.017
0.997	0.001	0.001	0.001
0.001	0.001	0.001	0.997
0.001	0.001	0.001	0.997
0.001	0.553	0.001	0.445
0.464	0.001	0.070	0.466
0.001	0.997	0.001	0.001
0.001	0.001	0.997	0.001
>AACAGAAA	19-AACAGAAA	8.431187	-81.447199	0	T:5105.0(5.71%),B:4270.8(4.80%),P:1e-35	Tpos:100.5,Tstd:55.5,Bpos:100.5,Bstd:58.6,StrandBias:-0.0,Multiplicity:1.04
0.997	0.001	0.001	0.001
0.997	0.001	0.001	0.001
0.001	0.997	0.001	0.001
0.997	0.001	0.001	0.001
0.001	0.001	0.997	0.001
0.679	0.001	0.239	0.081
0.880	0.001	0.118	0.001
0.997	0.001	0.001	0.001
>CCGATCCC	20-CCGATCCC	7.821371	-75.965612	0	T:2110.0(2.36%),B:1603.4(1.80%),P:1e-32	Tpos:98.5,Tstd:54.7,Bpos:101.3,Bstd:57.5,StrandBias:0.0,Multiplicity:1.05
0.001	0.916	0.082	0.001
0.177	0.755	0.067	0.001
0.001	0.001	0.997	0.001
0.997	0.001	0.001	0.001
0.001	0.001	0.001	0.997
0.167	0.831	0.001	0.001
0.001	0.931	0.067	0.001
0.001	0.997	0.001	0.001
>CGATCCTG	21-CGATCCTG	7.625317	-70.529948	0	T:1640.0(1.84%),B:1214.0(1.36%),P:1e-30	Tpos:102.6,Tstd:56.5,Bpos:100.8,Bstd:58.1,StrandBias:0.2,Multiplicity:1.02
0.001	0.997	0.001	0.001
0.001	0.001	0.997	0.001
0.873	0.125	0.001	0.001
0.001	0.001	0.001	0.997
0.187	0.811	0.001	0.001
0.001	0.789	0.001	0.209
0.001	0.384	0.001	0.614
0.092	0.001	0.906	0.001
>CCGGGCTT	22-CCGGGCTT	8.586852	-46.288677	0	T:1124.0(1.26%),B:839.6(0.94%),P:1e-20	Tpos:101.7,Tstd:53.9,Bpos:99.9,Bstd:61.5,StrandBias:0.0,Multiplicity:1.01
0.001	0.997	0.001	0.001
0.001	0.997	0.001	0.001
0.001	0.001	0.997	0.001
0.337	0.001	0.661	0.001
0.001	0.001	0.997	0.001
0.001	0.997	0.001	0.001
0.001	0.001	0.001	0.997
0.126	0.001	0.001	0.872
>CTCTAGCG	23-CTCTAGCG	9.110327	-38.353950	0	T:273.0(0.31%),B:156.8(0.18%),P:1e-16	Tpos:94.6,Tstd:57.1,Bpos:102.2,Bstd:60.6,StrandBias:0.4,Multiplicity:1.02
0.141	0.857	0.001	0.001
0.001	0.001	0.001	0.997
0.001	0.997	0.001	0.001
0.001	0.001	0.001	0.997
0.997	0.001	0.001	0.001
0.001	0.001	0.997	0.001
0.001	0.997	0.001	0.001
0.001	0.001	0.997	0.001
>AAGAGGCC	24-AAGAGGCC	8.236954	-38.026496	0	T:1089.0(1.22%),B:834.3(0.94%),P:1e-16	Tpos:105.2,Tstd:55.9,Bpos:99.2,Bstd:55.8,StrandBias:-0.0,Multiplicity:1.00
0.700	0.100	0.100	0.100
0.700	0.100	0.100	0.100
0.100	0.100	0.700	0.100
0.700	0.100	0.100	0.100
0.100	0.100	0.700	0.100
0.100	0.100	0.700	0.100
0.100	0.700	0.100	0.100
0.100	0.700	0.100	0.100
>AAAGGGTG	25-AAAGGGTG	8.236954	-33.628125	0	T:911.0(1.02%),B:693.1(0.78%),P:1e-14	Tpos:103.0,Tstd:56.0,Bpos:95.8,Bstd:58.3,StrandBias:-0.3,Multiplicity:1.01
0.700	0.100	0.100	0.100
0.700	0.100	0.100	0.100
0.700	0.100	0.100	0.100
0.100	0.100	0.700	0.100
0.100	0.100	0.700	0.100
0.100	0.100	0.700	0.100
0.100	0.100	0.100	0.700
0.100	0.100	0.700	0.100
