>DMTGASTCATHH	1-DMTGASTCATHH,BestGuess:Fra1(bZIP)/BT549-Fra1-ChIP-Seq(GSE46166)/Homer(0.984)	7.375472	-1573.014953	0	T:6364.0(7.12%),B:2923.1(3.28%),P:1e-683
0.336	0.129	0.229	0.306
0.386	0.270	0.199	0.144
0.012	0.001	0.001	0.986
0.001	0.006	0.808	0.185
0.968	0.001	0.001	0.030
0.102	0.378	0.395	0.125
0.033	0.001	0.001	0.965
0.192	0.700	0.107	0.001
0.997	0.001	0.001	0.001
0.144	0.209	0.244	0.403
0.303	0.233	0.117	0.347
0.304	0.223	0.153	0.320
>AACTGAAACT	2-AACTGAAACT,BestGuess:IRF4(IRF)/GM12878-IRF4-ChIP-Seq(GSE32465)/Homer(0.933)	6.783089	-1242.239292	0	T:14137.0(15.82%),B:9261.1(10.40%),P:1e-539
0.557	0.070	0.127	0.246
0.613	0.112	0.037	0.238
0.179	0.414	0.231	0.176
0.079	0.112	0.067	0.742
0.011	0.001	0.987	0.001
0.992	0.006	0.001	0.001
0.946	0.001	0.018	0.035
0.997	0.001	0.001	0.001
0.103	0.578	0.292	0.027
0.090	0.334	0.080	0.496
>GCCMYCTRGTGG	3-GCCMYCTRGTGG,BestGuess:CTCF/MA0139.2/Jaspar(0.937)	10.300226	-776.534695	0	T:1586.0(1.78%),B:489.6(0.55%),P:1e-337
0.124	0.002	0.750	0.124
0.108	0.847	0.044	0.001
0.001	0.988	0.010	0.001
0.435	0.563	0.001	0.001
0.001	0.555	0.001	0.443
0.001	0.997	0.001	0.001
0.134	0.093	0.001	0.772
0.440	0.029	0.347	0.184
0.001	0.146	0.835	0.018
0.060	0.001	0.023	0.916
0.001	0.001	0.997	0.001
0.041	0.001	0.872	0.086
>MTRACCACAD	4-MTRACCACAD,BestGuess:RUNX2(Runt)/PCa-RUNX2-ChIP-Seq(GSE33889)/Homer(0.934)	6.576641	-727.078373	0	T:12200.0(13.66%),B:8626.4(9.69%),P:1e-315
0.272	0.367	0.182	0.178
0.313	0.143	0.072	0.473
0.549	0.018	0.410	0.023
0.612	0.142	0.241	0.005
0.004	0.921	0.015	0.060
0.007	0.988	0.001	0.004
0.847	0.033	0.019	0.101
0.157	0.671	0.026	0.146
0.606	0.112	0.040	0.242
0.344	0.159	0.303	0.194
>GGGGATTTCC	5-GGGGATTTCC,BestGuess:MF0003.1_REL_class/Jaspar(0.977)	6.861041	-552.174847	0	T:8162.0(9.14%),B:5591.2(6.28%),P:1e-239
0.085	0.002	0.835	0.078
0.026	0.052	0.868	0.054
0.031	0.038	0.835	0.096
0.280	0.061	0.611	0.048
0.643	0.183	0.055	0.119
0.207	0.116	0.013	0.664
0.066	0.048	0.039	0.847
0.023	0.171	0.041	0.765
0.016	0.876	0.015	0.093
0.071	0.765	0.065	0.099
>ATCCCGRGGG	7-ATCCCGRGGG,BestGuess:EBF(EBF)/proBcell-EBF-ChIP-Seq(GSE21978)/Homer(0.843)	7.364045	-290.827464	0	T:7374.0(8.25%),B:5545.0(6.23%),P:1e-126
0.475	0.204	0.064	0.257
0.065	0.023	0.001	0.911
0.066	0.870	0.001	0.063
0.001	0.997	0.001	0.001
0.001	0.989	0.009	0.001
0.154	0.112	0.614	0.120
0.350	0.188	0.315	0.147
0.065	0.001	0.862	0.072
0.001	0.036	0.866	0.097
0.060	0.255	0.624	0.061
>ATTTGCATAY	10-ATTTGCATAY,BestGuess:POU2F3/MA0627.3/Jaspar(0.988)	8.721918	-227.130406	0	T:1487.0(1.66%),B:814.3(0.91%),P:1e-98
0.827	0.011	0.115	0.047
0.019	0.001	0.018	0.962
0.001	0.001	0.001	0.997
0.034	0.008	0.035	0.923
0.018	0.060	0.879	0.043
0.038	0.882	0.001	0.079
0.962	0.019	0.018	0.001
0.001	0.001	0.035	0.963
0.530	0.141	0.130	0.199
0.135	0.423	0.151	0.291
>TCGTTTTG	6-TCGTTTTG,BestGuess:BARHL1/MA0877.4/Jaspar(0.742)	5.254118	-221.537406	0	T:18624.0(20.85%),B:16125.8(18.11%),P:1e-96
0.161	0.265	0.123	0.451
0.031	0.541	0.252	0.176
0.089	0.139	0.771	0.001
0.060	0.001	0.369	0.570
0.022	0.046	0.001	0.931
0.206	0.028	0.001	0.765
0.247	0.207	0.006	0.540
0.034	0.152	0.638	0.176
>CGCTGACC	8-CGCTGACC,BestGuess:BCL11A/MA2324.1/Jaspar(0.823)	6.693228	-191.517546	0	T:9012.0(10.09%),B:7344.6(8.25%),P:1e-83
0.031	0.870	0.042	0.057
0.001	0.096	0.849	0.054
0.036	0.929	0.001	0.034
0.001	0.001	0.095	0.903
0.001	0.001	0.997	0.001
0.569	0.166	0.160	0.105
0.012	0.986	0.001	0.001
0.001	0.997	0.001	0.001
>TTTGGTCTCG	11-TTTGGTCTCG,BestGuess:PB0036.1_Irf6_1/Jaspar(0.726)	6.650382	-184.367278	0	T:5124.0(5.74%),B:3896.3(4.38%),P:1e-80
0.035	0.054	0.098	0.813
0.089	0.062	0.052	0.797
0.052	0.041	0.021	0.886
0.146	0.049	0.732	0.073
0.087	0.061	0.787	0.065
0.068	0.110	0.101	0.721
0.041	0.824	0.040	0.095
0.098	0.083	0.045	0.774
0.053	0.845	0.042	0.060
0.033	0.061	0.820	0.086
>GAGGAAGT	10-GAGGAAGT,BestGuess:PU.1(ETS)/ThioMac-PU.1-ChIP-Seq(GSE21512)/Homer(0.920)	7.713896	-173.740640	0	T:6473.0(7.25%),B:5124.2(5.75%),P:1e-75
0.101	0.101	0.797	0.001
0.997	0.001	0.001	0.001
0.001	0.001	0.997	0.001
0.318	0.001	0.680	0.001
0.997	0.001	0.001	0.001
0.997	0.001	0.001	0.001
0.064	0.001	0.934	0.001
0.001	0.001	0.001	0.997
>CCTGGGGCTCGC	11-CCTGGGGCTCGC,BestGuess:ZNF519(Zf)/HEK293-ZNF519.GFP-ChIP-Seq(GSE58341)/Homer(0.625)	11.710821	-145.436061	0	T:59.0(0.07%),B:2.9(0.00%),P:1e-63
0.045	0.847	0.075	0.033
0.030	0.851	0.014	0.105
0.068	0.010	0.057	0.865
0.036	0.152	0.517	0.295
0.039	0.094	0.786	0.081
0.141	0.052	0.802	0.005
0.069	0.103	0.719	0.109
0.276	0.570	0.091	0.063
0.100	0.015	0.080	0.805
0.068	0.774	0.053	0.105
0.005	0.001	0.993	0.001
0.018	0.840	0.001	0.141
>TTCCMACGYC	13-TTCCMACGYC,BestGuess:Rbpj1(?)/Panc1-Rbpj1-ChIP-Seq(GSE47459)/Homer(0.688)	6.826362	-136.203917	0	T:1684.0(1.89%),B:1101.2(1.24%),P:1e-59
0.221	0.162	0.068	0.549
0.046	0.226	0.242	0.486
0.049	0.606	0.058	0.287
0.237	0.562	0.024	0.177
0.442	0.489	0.031	0.038
0.502	0.039	0.176	0.283
0.130	0.661	0.188	0.021
0.022	0.020	0.922	0.036
0.124	0.378	0.204	0.294
0.044	0.605	0.034	0.317
>GGTTAATCATTA	12-GGTTAATCATTA,BestGuess:HNF1b(Homeobox)/PDAC-HNF1B-ChIP-Seq(GSE64557)/Homer(0.926)	10.108932	-135.594085	0	T:395.0(0.44%),B:153.6(0.17%),P:1e-58
0.301	0.001	0.591	0.107
0.037	0.079	0.796	0.088
0.021	0.026	0.038	0.915
0.045	0.001	0.015	0.939
0.890	0.033	0.009	0.068
0.938	0.001	0.004	0.057
0.108	0.008	0.001	0.883
0.143	0.496	0.277	0.084
0.727	0.017	0.001	0.255
0.015	0.001	0.007	0.977
0.034	0.035	0.001	0.930
0.801	0.077	0.058	0.064
>GATCCAGCACGC	13-GATCCAGCACGC,BestGuess:ZNF415(Zf)/HEK293-ZNF415.GFP-ChIP-Seq(GSE58341)/Homer(0.664)	13.319645	-125.404381	0	T:53.0(0.06%),B:2.3(0.00%),P:1e-54
0.019	0.001	0.979	0.001
0.635	0.289	0.044	0.032
0.001	0.019	0.001	0.979
0.001	0.997	0.001	0.001
0.001	0.997	0.001	0.001
0.676	0.322	0.001	0.001
0.001	0.001	0.997	0.001
0.001	0.639	0.359	0.001
0.794	0.204	0.001	0.001
0.053	0.783	0.163	0.001
0.001	0.114	0.882	0.003
0.001	0.989	0.009	0.001
>AGCRGYAGGCAA	14-AGCRGYAGGCAA,BestGuess:Zic1::Zic2/MA1628.2/Jaspar(0.670)	12.977508	-122.498839	0	T:59.0(0.07%),B:3.6(0.00%),P:1e-53
0.997	0.001	0.001	0.001
0.001	0.001	0.997	0.001
0.001	0.997	0.001	0.001
0.555	0.001	0.443	0.001
0.001	0.001	0.997	0.001
0.001	0.555	0.001	0.443
0.912	0.001	0.001	0.086
0.001	0.001	0.997	0.001
0.001	0.001	0.997	0.001
0.001	0.997	0.001	0.001
0.997	0.001	0.001	0.001
0.997	0.001	0.001	0.001
>TCGCCTCCCM	14-TCGCCTCCCM,BestGuess:SP5/MA1965.2/Jaspar(0.800)	7.485858	-113.531385	0	T:4196.0(4.70%),B:3313.5(3.72%),P:1e-49
0.130	0.112	0.156	0.602
0.065	0.750	0.165	0.020
0.007	0.135	0.800	0.058
0.101	0.731	0.031	0.137
0.154	0.650	0.127	0.069
0.101	0.013	0.057	0.829
0.072	0.698	0.190	0.040
0.068	0.814	0.033	0.085
0.050	0.718	0.008	0.224
0.326	0.426	0.146	0.102
>AAGCGAGA	14-AAGCGAGA,BestGuess:PB0139.1_Irf5_2/Jaspar(0.771)	7.460865	-112.596605	0	T:3598.0(4.03%),B:2787.9(3.13%),P:1e-48
0.795	0.057	0.001	0.147
0.997	0.001	0.001	0.001
0.001	0.089	0.829	0.081
0.001	0.832	0.001	0.166
0.001	0.266	0.732	0.001
0.834	0.001	0.164	0.001
0.001	0.001	0.997	0.001
0.816	0.001	0.001	0.182
>GCTGCTCCGCCG	15-GCTGCTCCGCCG,BestGuess:POL013.1_MED-1/Jaspar(0.689)	9.712585	-98.492624	0	T:56.0(0.06%),B:4.8(0.01%),P:1e-42
0.001	0.001	0.973	0.025
0.001	0.997	0.001	0.001
0.001	0.001	0.001	0.997
0.001	0.001	0.997	0.001
0.001	0.997	0.001	0.001
0.001	0.001	0.001	0.997
0.004	0.969	0.001	0.026
0.001	0.997	0.001	0.001
0.001	0.001	0.997	0.001
0.001	0.997	0.001	0.001
0.001	0.958	0.001	0.040
0.001	0.001	0.997	0.001
>CCTTCTGTGGGA	16-CCTTCTGTGGGA,BestGuess:Zic2/MA1629.2/Jaspar(0.701)	13.239038	-93.235176	0	T:54.0(0.06%),B:4.6(0.01%),P:1e-40
0.001	0.997	0.001	0.001
0.001	0.997	0.001	0.001
0.001	0.001	0.001	0.997
0.001	0.001	0.001	0.997
0.001	0.997	0.001	0.001
0.001	0.001	0.001	0.997
0.001	0.001	0.997	0.001
0.001	0.001	0.001	0.997
0.001	0.001	0.719	0.279
0.001	0.048	0.950	0.001
0.001	0.001	0.997	0.001
0.997	0.001	0.001	0.001
>GACCGGGC	16-GACCGGGC,BestGuess:PB0140.1_Irf6_2/Jaspar(0.642)	7.677763	-90.758388	0	T:1828.0(2.05%),B:1319.7(1.48%),P:1e-39
0.001	0.001	0.997	0.001
0.997	0.001	0.001	0.001
0.001	0.764	0.001	0.234
0.001	0.997	0.001	0.001
0.001	0.001	0.997	0.001
0.001	0.001	0.851	0.147
0.001	0.001	0.997	0.001
0.168	0.750	0.001	0.081
>GATTYWCG	18-GATTYWCG,BestGuess:PB0138.1_Irf4_2/Jaspar(0.709)	7.088275	-84.948791	0	T:925.0(1.04%),B:588.6(0.66%),P:1e-36
0.001	0.072	0.910	0.017
0.997	0.001	0.001	0.001
0.001	0.001	0.001	0.997
0.001	0.001	0.001	0.997
0.001	0.553	0.001	0.445
0.464	0.001	0.070	0.466
0.001	0.997	0.001	0.001
0.001	0.001	0.997	0.001
>CTTCCCCCACTT	19-CTTCCCCCACTT,BestGuess:Wt1/MA1627.2/Jaspar(0.750)	12.437796	-78.465471	0	T:38.0(0.04%),B:2.7(0.00%),P:1e-34
0.001	0.997	0.001	0.001
0.001	0.001	0.001	0.997
0.001	0.001	0.001	0.997
0.001	0.997	0.001	0.001
0.001	0.997	0.001	0.001
0.001	0.997	0.001	0.001
0.001	0.997	0.001	0.001
0.001	0.982	0.016	0.001
0.968	0.001	0.030	0.001
0.001	0.997	0.001	0.001
0.001	0.001	0.001	0.997
0.001	0.001	0.001	0.997
>CCACGGGTTCCC	20-CCACGGGTTCCC,BestGuess:MNT(bHLH)/HepG2-MNT-ChIP-Seq(Encode)/Homer(0.673)	13.301993	-75.522481	0	T:37.0(0.04%),B:2.8(0.00%),P:1e-32
0.001	0.508	0.252	0.239
0.001	0.997	0.001	0.001
0.997	0.001	0.001	0.001
0.001	0.997	0.001	0.001
0.001	0.001	0.997	0.001
0.001	0.001	0.760	0.238
0.251	0.001	0.747	0.001
0.001	0.001	0.001	0.997
0.001	0.001	0.001	0.997
0.001	0.760	0.001	0.238
0.001	0.997	0.001	0.001
0.001	0.997	0.001	0.001
>CCGCCTTTCCCG	21-CCGCCTTTCCCG,BestGuess:E2F7(E2F)/Hela-E2F7-ChIP-Seq(GSE32673)/Homer(0.660)	11.078007	-72.606091	0	T:36.0(0.04%),B:2.6(0.00%),P:1e-31
0.004	0.994	0.001	0.001
0.001	0.997	0.001	0.001
0.001	0.001	0.997	0.001
0.001	0.997	0.001	0.001
0.004	0.994	0.001	0.001
0.001	0.001	0.001	0.997
0.001	0.001	0.001	0.997
0.001	0.001	0.001	0.997
0.001	0.997	0.001	0.001
0.001	0.997	0.001	0.001
0.001	0.997	0.001	0.001
0.001	0.001	0.997	0.001
>CCGCCCAGGACC	22-CCGCCCAGGACC,BestGuess:ZBTB24/MA2330.1/Jaspar(0.822)	11.637336	-70.525042	0	T:45.0(0.05%),B:4.6(0.01%),P:1e-30
0.001	0.997	0.001	0.001
0.001	0.997	0.001	0.001
0.001	0.001	0.997	0.001
0.001	0.997	0.001	0.001
0.001	0.997	0.001	0.001
0.094	0.904	0.001	0.001
0.997	0.001	0.001	0.001
0.001	0.001	0.997	0.001
0.001	0.001	0.997	0.001
0.997	0.001	0.001	0.001
0.001	0.924	0.001	0.074
0.001	0.997	0.001	0.001
>CGACATTACAGG	23-CGACATTACAGG,BestGuess:TEAD1/MA0090.4/Jaspar(0.757)	9.837651	-68.105376	0	T:44.0(0.05%),B:4.4(0.00%),P:1e-29
0.148	0.559	0.152	0.141
0.120	0.156	0.592	0.132
0.682	0.112	0.107	0.099
0.116	0.662	0.138	0.084
0.676	0.132	0.074	0.118
0.090	0.112	0.119	0.679
0.090	0.133	0.129	0.648
0.614	0.134	0.126	0.126
0.108	0.713	0.108	0.071
0.733	0.091	0.067	0.109
0.097	0.064	0.761	0.078
0.120	0.104	0.679	0.097
>AATACCTAAG	16-AATACCTAAG,BestGuess:PB0106.1_Arid5a_2/Jaspar(0.624)	10.296193	-64.033283	0	T:38.0(0.04%),B:3.9(0.00%),P:1e-27
0.700	0.100	0.100	0.100
0.700	0.100	0.100	0.100
0.100	0.100	0.100	0.700
0.700	0.100	0.100	0.100
0.100	0.700	0.100	0.100
0.100	0.700	0.100	0.100
0.100	0.100	0.100	0.700
0.700	0.100	0.100	0.100
0.700	0.100	0.100	0.100
0.100	0.100	0.700	0.100
>GATCTRTGCG	17-GATCTRTGCG,BestGuess:MEIS2/MA1640.2/Jaspar(0.615)	11.496101	-60.982744	0	T:41.0(0.05%),B:4.4(0.00%),P:1e-26
0.001	0.001	0.997	0.001
0.997	0.001	0.001	0.001
0.237	0.001	0.001	0.761
0.001	0.997	0.001	0.001
0.001	0.001	0.001	0.997
0.531	0.001	0.467	0.001
0.001	0.001	0.001	0.997
0.001	0.001	0.761	0.237
0.001	0.997	0.001	0.001
0.001	0.001	0.997	0.001
>TAATTAGTGG	18-TAATTAGTGG,BestGuess:PH0039.1_Mnx1/Jaspar(0.886)	10.296193	-56.273307	0	T:46.0(0.05%),B:6.7(0.01%),P:1e-24
0.100	0.100	0.100	0.700
0.700	0.100	0.100	0.100
0.700	0.100	0.100	0.100
0.100	0.100	0.100	0.700
0.100	0.100	0.100	0.700
0.700	0.100	0.100	0.100
0.100	0.100	0.700	0.100
0.100	0.100	0.100	0.700
0.100	0.100	0.700	0.100
0.100	0.100	0.700	0.100
>TACCCCTTTA	19-TACCCCTTTA,BestGuess:ZNF652/HepG2-ZNF652.Flag-ChIP-Seq(Encode)/Homer(0.675)	11.334866	-53.711685	0	T:59.0(0.07%),B:11.8(0.01%),P:1e-23
0.001	0.001	0.001	0.997
0.997	0.001	0.001	0.001
0.001	0.997	0.001	0.001
0.001	0.997	0.001	0.001
0.001	0.997	0.001	0.001
0.001	0.916	0.082	0.001
0.001	0.001	0.001	0.997
0.001	0.001	0.001	0.997
0.001	0.001	0.001	0.997
0.997	0.001	0.001	0.001
>ACCGCAAGKCCC	25-ACCGCAAGKCCC,BestGuess:GFY(?)/Promoter/Homer(0.706)	14.760252	-52.810127	0	T:41.0(0.05%),B:5.0(0.01%),P:1e-22
0.997	0.001	0.001	0.001
0.001	0.997	0.001	0.001
0.001	0.997	0.001	0.001
0.001	0.360	0.638	0.001
0.001	0.997	0.001	0.001
0.835	0.001	0.163	0.001
0.997	0.001	0.001	0.001
0.001	0.001	0.997	0.001
0.001	0.001	0.474	0.524
0.001	0.997	0.001	0.001
0.001	0.997	0.001	0.001
0.001	0.997	0.001	0.001
>TTGGGCGACC	20-TTGGGCGACC,BestGuess:PB0052.1_Plagl1_1/Jaspar(0.638)	10.296193	-47.690218	0	T:27.0(0.03%),B:2.9(0.00%),P:1e-20
0.100	0.100	0.100	0.700
0.100	0.100	0.100	0.700
0.100	0.100	0.700	0.100
0.100	0.100	0.700	0.100
0.100	0.100	0.700	0.100
0.100	0.700	0.100	0.100
0.100	0.100	0.700	0.100
0.700	0.100	0.100	0.100
0.100	0.700	0.100	0.100
0.100	0.700	0.100	0.100
>CTCTAGCG	23-CTCTAGCG,BestGuess:ZBTB33/MA0527.2/Jaspar(0.703)	9.110327	-38.353950	0	T:273.0(0.31%),B:156.8(0.18%),P:1e-16
0.141	0.857	0.001	0.001
0.001	0.001	0.001	0.997
0.001	0.997	0.001	0.001
0.001	0.001	0.001	0.997
0.997	0.001	0.001	0.001
0.001	0.001	0.997	0.001
0.001	0.997	0.001	0.001
0.001	0.001	0.997	0.001
>AAGAGGCC	24-AAGAGGCC,BestGuess:Zac1(Zf)/Neuro2A-Plagl1-ChIP-Seq(GSE75942)/Homer(0.799)	8.236954	-38.026496	0	T:1089.0(1.22%),B:834.3(0.94%),P:1e-16
0.700	0.100	0.100	0.100
0.700	0.100	0.100	0.100
0.100	0.100	0.700	0.100
0.700	0.100	0.100	0.100
0.100	0.100	0.700	0.100
0.100	0.100	0.700	0.100
0.100	0.700	0.100	0.100
0.100	0.700	0.100	0.100
>GTCCGAAGTT	23-GTCCGAAGTT,BestGuess:HNF4A/MA1494.2/Jaspar(0.674)	10.296193	-35.507960	0	T:26.0(0.03%),B:3.8(0.00%),P:1e-15
0.100	0.100	0.700	0.100
0.100	0.100	0.100	0.700
0.100	0.700	0.100	0.100
0.100	0.700	0.100	0.100
0.100	0.100	0.700	0.100
0.700	0.100	0.100	0.100
0.700	0.100	0.100	0.100
0.100	0.100	0.700	0.100
0.100	0.100	0.100	0.700
0.100	0.100	0.100	0.700
>AGTCACCGCT	25-AGTCACCGCT,BestGuess:GFI1/MA0038.3/Jaspar(0.643)	10.296193	-16.275763	0	T:31.0(0.03%),B:10.5(0.01%),P:1e-7
0.700	0.100	0.100	0.100
0.100	0.100	0.700	0.100
0.100	0.100	0.100	0.700
0.100	0.700	0.100	0.100
0.700	0.100	0.100	0.100
0.100	0.700	0.100	0.100
0.100	0.700	0.100	0.100
0.100	0.100	0.700	0.100
0.100	0.700	0.100	0.100
0.100	0.100	0.100	0.700
