>VBCACTTCCGSB	7-VBCACTTCCGSB	7.636325	-1050.338400	0	T:3354.0(9.70%),B:2561.7(4.03%),P:1e-456
0.202	0.326	0.349	0.123
0.137	0.346	0.215	0.301
0.069	0.743	0.098	0.090
0.756	0.012	0.122	0.110
0.036	0.859	0.041	0.064
0.045	0.024	0.047	0.884
0.044	0.011	0.017	0.928
0.031	0.919	0.011	0.039
0.018	0.910	0.050	0.022
0.024	0.084	0.792	0.100
0.063	0.374	0.476	0.087
0.100	0.294	0.255	0.351
