>DGATAAGATAAR	17-DGATAAGATAAR	5.745071	-199.604378	0	T:3601.0(10.42%),B:4746.5(7.47%),P:1e-86
0.343	0.152	0.274	0.230
0.128	0.108	0.674	0.090
0.624	0.139	0.133	0.104
0.182	0.118	0.198	0.502
0.614	0.133	0.166	0.087
0.718	0.062	0.121	0.099
0.129	0.099	0.700	0.072
0.660	0.115	0.138	0.087
0.191	0.124	0.184	0.501
0.635	0.121	0.152	0.092
0.668	0.100	0.133	0.099
0.252	0.200	0.360	0.188
