>GTCACGTGACCR	15-GTCACGTGACCR	10.140606	-220.408880	0	T:344.0(1.00%),B:160.1(0.25%),P:1e-95
0.054	0.109	0.826	0.011
0.024	0.104	0.061	0.811
0.002	0.931	0.053	0.014
0.947	0.012	0.015	0.026
0.008	0.914	0.042	0.036
0.058	0.038	0.899	0.005
0.029	0.014	0.018	0.939
0.001	0.042	0.950	0.007
0.819	0.026	0.133	0.022
0.017	0.848	0.076	0.059
0.061	0.759	0.097	0.083
0.359	0.199	0.309	0.134
