>CGCATGCGTATT	19-CGCATGCGTATT	11.142354	-143.614683	0	T:71.0(0.21%),B:7.1(0.01%),P:1e-62
0.017	0.857	0.017	0.109
0.017	0.033	0.900	0.050
0.001	0.950	0.033	0.016
0.698	0.039	0.077	0.186
0.050	0.076	0.052	0.822
0.017	0.043	0.897	0.043
0.001	0.949	0.001	0.049
0.017	0.033	0.770	0.180
0.001	0.099	0.049	0.851
0.724	0.050	0.100	0.126
0.017	0.205	0.111	0.667
0.016	0.049	0.001	0.934
