>VAAACCGGAAGB	10-VAAACCGGAAGB	7.431971	-527.593583	0	T:1952.0(5.65%),B:1585.5(2.49%),P:1e-229
0.229	0.282	0.339	0.150
0.459	0.207	0.241	0.093
0.852	0.048	0.057	0.043
0.721	0.133	0.089	0.057
0.097	0.829	0.052	0.022
0.044	0.850	0.079	0.027
0.061	0.057	0.859	0.023
0.127	0.024	0.785	0.064
0.908	0.021	0.010	0.061
0.919	0.042	0.029	0.010
0.240	0.252	0.441	0.068
0.106	0.353	0.278	0.263
