>CCCGGGGCCCCC	13-CCCGGGGCCCCC	7.299429	-122.158071	0	T:9738.0(11.71%),B:8341.4(10.07%),P:1e-53
0.075	0.745	0.101	0.079
0.074	0.726	0.114	0.086
0.068	0.764	0.082	0.086
0.088	0.096	0.745	0.071
0.078	0.094	0.773	0.055
0.070	0.091	0.785	0.054
0.096	0.092	0.738	0.074
0.097	0.725	0.085	0.093
0.074	0.760	0.088	0.078
0.070	0.763	0.078	0.089
0.079	0.753	0.099	0.069
0.081	0.721	0.111	0.087
