>GATCAAAGTTCA	2-GATCAAAGTTCA	6.081392	-378.393561	0	T:12467.0(14.99%),B:9793.5(11.82%),P:1e-164
0.167	0.094	0.678	0.061
0.620	0.128	0.171	0.081
0.115	0.086	0.241	0.558
0.061	0.764	0.109	0.066
0.823	0.108	0.026	0.043
0.675	0.095	0.196	0.034
0.852	0.020	0.089	0.039
0.094	0.061	0.767	0.078
0.076	0.124	0.203	0.597
0.052	0.151	0.186	0.611
0.097	0.802	0.050	0.051
0.841	0.084	0.017	0.058
