>GAATGAATGCAT	9-GAATGAATGCAT	9.362159	-150.332023	0	T:808.0(0.97%),B:414.0(0.50%),P:1e-65
0.123	0.036	0.810	0.031
0.881	0.055	0.039	0.025
0.887	0.025	0.074	0.014
0.061	0.025	0.103	0.811
0.067	0.019	0.878	0.036
0.837	0.084	0.033	0.046
0.935	0.014	0.033	0.018
0.070	0.019	0.019	0.892
0.086	0.053	0.831	0.030
0.181	0.618	0.148	0.053
0.852	0.037	0.050	0.061
0.101	0.067	0.063	0.769
