>TCGCTAGTCGCA	23-TGCGACTAGCGA	11.584707	-71.788944	0	T:41.0(0.05%),B:3.1(0.00%),P:1e-31
0.005	0.206	0.098	0.691
0.016	0.788	0.154	0.042
0.074	0.027	0.681	0.218
0.001	0.983	0.015	0.001
0.016	0.037	0.212	0.735
0.861	0.052	0.030	0.057
0.005	0.021	0.939	0.035
0.021	0.104	0.155	0.720
0.016	0.900	0.043	0.041
0.047	0.148	0.804	0.001
0.005	0.955	0.035	0.005
0.957	0.021	0.001	0.021
