>MTTTTACCKGCG	10-MTTTTACCKGCG,BestGuess:PRDM1(Zf)/Hela-PRDM1-ChIP-Seq(GSE31477)/Homer(0.591)	8.725809	-128.591806	0	T:67.0(0.08%),B:4.7(0.01%),P:1e-55
0.466	0.329	0.131	0.074
0.079	0.260	0.065	0.596
0.078	0.136	0.151	0.635
0.032	0.131	0.065	0.772
0.126	0.194	0.115	0.565
0.434	0.200	0.113	0.253
0.036	0.812	0.062	0.090
0.107	0.517	0.023	0.353
0.123	0.076	0.468	0.334
0.109	0.282	0.569	0.040
0.273	0.438	0.161	0.128
0.015	0.166	0.635	0.184
