>RNATTTAACGND	8-RNATTTAACGND	5.335775	-154.109190	0	T:5756.0(6.92%),B:4556.9(5.50%),P:1e-66
0.314	0.198	0.361	0.127
0.210	0.239	0.314	0.237
0.621	0.074	0.105	0.200
0.193	0.003	0.035	0.769
0.116	0.085	0.221	0.578
0.305	0.079	0.120	0.497
0.835	0.056	0.013	0.096
0.755	0.152	0.042	0.051
0.001	0.962	0.036	0.001
0.001	0.077	0.921	0.001
0.295	0.178	0.284	0.244
0.307	0.153	0.312	0.228
