>CGCMGGTAAAAK	10-MTTTTACCKGCG	8.725809	-128.591806	0	T:67.0(0.08%),B:4.7(0.01%),P:1e-55
0.184	0.635	0.166	0.015
0.128	0.161	0.438	0.273
0.040	0.569	0.282	0.109
0.334	0.468	0.076	0.123
0.353	0.023	0.517	0.107
0.090	0.062	0.812	0.036
0.253	0.113	0.200	0.434
0.565	0.115	0.194	0.126
0.772	0.065	0.131	0.032
0.635	0.151	0.136	0.078
0.596	0.065	0.260	0.079
0.074	0.131	0.329	0.466
