>GGTACAAAGTCC	4-GGTACAAAGTCC	7.402004	-314.732185	0	T:3822.0(4.60%),B:2492.9(3.01%),P:1e-136
0.108	0.048	0.747	0.097
0.083	0.065	0.779	0.073
0.118	0.149	0.143	0.590
0.619	0.136	0.133	0.112
0.077	0.796	0.079	0.048
0.827	0.081	0.043	0.049
0.746	0.100	0.122	0.032
0.822	0.032	0.093	0.053
0.058	0.088	0.808	0.046
0.086	0.090	0.134	0.690
0.058	0.783	0.084	0.075
0.091	0.793	0.034	0.082
