>GGTGGCCCGCRS	6-SYGCGGGCCACC	13.984899	-214.308858	0	T:66.0(0.08%),B:2.0(0.00%),P:1e-93
0.001	0.015	0.945	0.039
0.049	0.001	0.949	0.001
0.001	0.151	0.001	0.847
0.049	0.084	0.864	0.003
0.159	0.014	0.769	0.058
0.013	0.971	0.001	0.015
0.001	0.910	0.071	0.018
0.012	0.986	0.001	0.001
0.055	0.001	0.923	0.021
0.039	0.815	0.144	0.002
0.535	0.029	0.423	0.013
0.067	0.528	0.399	0.006
