>AAAGTTCAAAGT	5-AAAGTTCAAAGT	7.491289	-312.697154	0	T:4964.0(5.97%),B:3433.7(4.14%),P:1e-135
0.711	0.109	0.144	0.036
0.758	0.112	0.121	0.009
0.828	0.003	0.094	0.075
0.103	0.098	0.707	0.092
0.115	0.116	0.106	0.663
0.087	0.107	0.105	0.701
0.101	0.738	0.056	0.105
0.929	0.052	0.002	0.017
0.783	0.105	0.103	0.009
0.875	0.003	0.103	0.019
0.096	0.066	0.741	0.097
0.153	0.126	0.143	0.578
