>CGCCGTACTTTT	22-AAAAGTACGGCG	9.999233	-71.788944	0	T:41.0(0.05%),B:3.7(0.00%),P:1e-31
0.117	0.669	0.094	0.120
0.113	0.125	0.638	0.124
0.100	0.715	0.095	0.090
0.113	0.651	0.102	0.134
0.103	0.137	0.627	0.133
0.111	0.134	0.135	0.620
0.598	0.150	0.151	0.101
0.086	0.670	0.125	0.119
0.087	0.128	0.074	0.711
0.056	0.113	0.101	0.730
0.065	0.125	0.120	0.690
0.081	0.107	0.130	0.682
