>SYGCGGGCCACC	6-SYGCGGGCCACC,BestGuess:PLAGL2/MA1548.2/Jaspar(0.679)	13.984899	-214.308858	0	T:66.0(0.08%),B:2.0(0.00%),P:1e-93
0.006	0.399	0.528	0.067
0.013	0.423	0.029	0.535
0.002	0.144	0.815	0.039
0.021	0.923	0.001	0.055
0.001	0.001	0.986	0.012
0.018	0.071	0.910	0.001
0.015	0.001	0.971	0.013
0.058	0.769	0.014	0.159
0.003	0.864	0.084	0.049
0.847	0.001	0.151	0.001
0.001	0.949	0.001	0.049
0.039	0.945	0.015	0.001
