>AAGAGGAAGT	1-AAGAGGAAGT	6.839979	-1346.048847	0	T:4593.0(12.69%),B:3465.7(5.50%),P:1e-584	Tpos:99.6,Tstd:51.9,Bpos:100.1,Bstd:55.6,StrandBias:0.0,Multiplicity:1.11
0.927	0.015	0.020	0.038
0.833	0.007	0.055	0.105
0.043	0.093	0.851	0.013
0.854	0.001	0.136	0.009
0.001	0.002	0.996	0.001
0.001	0.001	0.997	0.001
0.997	0.001	0.001	0.001
0.990	0.002	0.001	0.007
0.035	0.093	0.871	0.001
0.018	0.053	0.017	0.912
>WVAGGAARTR	2-WVAGGAARTR	6.923457	-927.830981	0	T:8975.0(24.79%),B:10082.9(15.99%),P:1e-402	Tpos:101.0,Tstd:55.1,Bpos:100.4,Bstd:56.5,StrandBias:-0.0,Multiplicity:1.11
0.402	0.078	0.251	0.269
0.289	0.351	0.339	0.020
0.745	0.001	0.253	0.001
0.018	0.009	0.972	0.001
0.001	0.001	0.997	0.001
0.997	0.001	0.001	0.001
0.748	0.128	0.001	0.123
0.323	0.208	0.468	0.001
0.001	0.338	0.031	0.630
0.379	0.212	0.268	0.141
>CACTAGGGGG	3-CACTAGGGGG	8.681082	-337.652305	0	T:836.0(2.31%),B:514.3(0.82%),P:1e-146	Tpos:101.1,Tstd:47.9,Bpos:101.1,Bstd:54.4,StrandBias:0.1,Multiplicity:1.02
0.001	0.991	0.007	0.001
0.933	0.018	0.001	0.048
0.003	0.974	0.015	0.008
0.057	0.195	0.023	0.725
0.997	0.001	0.001	0.001
0.001	0.009	0.989	0.001
0.233	0.001	0.747	0.019
0.014	0.001	0.832	0.153
0.001	0.001	0.997	0.001
0.001	0.001	0.974	0.024
>GTTCCYGTTT	4-GTTCCYGTTT	8.570641	-310.077151	0	T:926.0(2.56%),B:635.3(1.01%),P:1e-134	Tpos:101.7,Tstd:55.7,Bpos:100.4,Bstd:61.4,StrandBias:0.2,Multiplicity:1.01
0.001	0.261	0.601	0.137
0.225	0.001	0.001	0.773
0.011	0.001	0.098	0.890
0.017	0.956	0.026	0.001
0.001	0.764	0.148	0.087
0.001	0.431	0.247	0.321
0.112	0.190	0.458	0.240
0.027	0.150	0.141	0.682
0.001	0.107	0.103	0.789
0.024	0.114	0.001	0.861
>TTTCACTTCC	5-TTTCACTTCC	10.233546	-268.999800	0	T:722.0(1.99%),B:466.7(0.74%),P:1e-116	Tpos:96.9,Tstd:51.0,Bpos:99.0,Bstd:56.1,StrandBias:-0.1,Multiplicity:1.01
0.018	0.001	0.001	0.980
0.017	0.062	0.009	0.912
0.006	0.001	0.001	0.992
0.016	0.969	0.001	0.014
0.987	0.001	0.011	0.001
0.058	0.657	0.068	0.217
0.019	0.001	0.012	0.968
0.026	0.009	0.001	0.964
0.008	0.876	0.001	0.115
0.001	0.857	0.009	0.133
>AAATGCGGAA	6-AAATGCGGAA	7.499384	-189.931481	0	T:1345.0(3.72%),B:1327.6(2.11%),P:1e-82	Tpos:100.0,Tstd:54.2,Bpos:99.6,Bstd:58.1,StrandBias:0.2,Multiplicity:1.02
0.899	0.022	0.020	0.059
0.659	0.085	0.246	0.010
0.726	0.134	0.067	0.073
0.206	0.076	0.058	0.660
0.151	0.057	0.743	0.049
0.078	0.753	0.158	0.011
0.202	0.121	0.667	0.010
0.150	0.149	0.668	0.033
0.615	0.178	0.123	0.084
0.652	0.055	0.129	0.164
>WWDHHNNCGN	7-WWDHHNNCGN	4.677314	-188.488051	0	T:12702.0(35.08%),B:19158.9(30.38%),P:1e-81	Tpos:99.5,Tstd:54.6,Bpos:99.7,Bstd:61.1,StrandBias:-0.0,Multiplicity:1.38
0.520	0.001	0.001	0.478
0.472	0.001	0.001	0.526
0.321	0.075	0.305	0.299
0.340	0.331	0.038	0.290
0.362	0.271	0.039	0.328
0.295	0.231	0.212	0.262
0.247	0.287	0.214	0.252
0.001	0.997	0.001	0.001
0.001	0.001	0.997	0.001
0.265	0.221	0.232	0.281
>AAGCAGAAGT	8-AAGCAGAAGT	9.818367	-175.993023	0	T:577.0(1.59%),B:416.0(0.66%),P:1e-76	Tpos:100.8,Tstd:51.0,Bpos:99.6,Bstd:56.6,StrandBias:0.1,Multiplicity:1.03
0.921	0.001	0.001	0.077
0.669	0.001	0.001	0.329
0.289	0.001	0.642	0.068
0.001	0.690	0.308	0.001
0.913	0.085	0.001	0.001
0.001	0.001	0.913	0.085
0.997	0.001	0.001	0.001
0.694	0.192	0.001	0.113
0.001	0.231	0.767	0.001
0.005	0.149	0.124	0.722
>TGMCACCYGB	9-TGMCACCYGB	6.635727	-165.357380	0	T:1928.0(5.33%),B:2185.3(3.46%),P:1e-71	Tpos:99.1,Tstd:53.9,Bpos:101.1,Bstd:55.9,StrandBias:0.1,Multiplicity:1.04
0.320	0.014	0.009	0.657
0.315	0.001	0.678	0.006
0.295	0.390	0.135	0.180
0.009	0.983	0.002	0.006
0.529	0.179	0.287	0.005
0.006	0.478	0.196	0.320
0.006	0.669	0.312	0.013
0.166	0.282	0.149	0.403
0.252	0.221	0.518	0.009
0.004	0.384	0.340	0.272
>GCACCTGYHG	10-GCACCTGYHG	8.921428	-121.712270	0	T:1462.0(4.04%),B:1667.5(2.64%),P:1e-52	Tpos:101.5,Tstd:54.3,Bpos:102.4,Bstd:56.9,StrandBias:0.1,Multiplicity:1.05
0.300	0.001	0.698	0.001
0.001	0.997	0.001	0.001
0.997	0.001	0.001	0.001
0.001	0.997	0.001	0.001
0.001	0.997	0.001	0.001
0.153	0.001	0.001	0.845
0.001	0.091	0.907	0.001
0.001	0.309	0.268	0.421
0.229	0.263	0.167	0.341
0.191	0.304	0.504	0.001
>AGCGCCMCCT	11-AGCGCCMCCT	8.009134	-113.129637	0	T:705.0(1.95%),B:667.9(1.06%),P:1e-49	Tpos:105.9,Tstd:53.3,Bpos:100.6,Bstd:61.0,StrandBias:-0.0,Multiplicity:1.01
0.641	0.033	0.043	0.283
0.055	0.308	0.582	0.055
0.049	0.789	0.048	0.114
0.320	0.030	0.618	0.032
0.034	0.825	0.073	0.068
0.075	0.820	0.054	0.051
0.382	0.518	0.066	0.034
0.016	0.585	0.038	0.361
0.209	0.517	0.227	0.047
0.327	0.104	0.022	0.547
>CGTTTCACTN	12-CGTTTCACTN	7.078661	-96.175347	0	T:215.0(0.59%),B:125.9(0.20%),P:1e-41	Tpos:101.1,Tstd:53.4,Bpos:102.1,Bstd:57.1,StrandBias:0.3,Multiplicity:1.01
0.230	0.422	0.227	0.121
0.007	0.025	0.950	0.018
0.083	0.126	0.126	0.665
0.135	0.110	0.215	0.540
0.233	0.118	0.125	0.524
0.154	0.610	0.103	0.133
0.540	0.081	0.264	0.115
0.038	0.667	0.182	0.113
0.172	0.098	0.212	0.518
0.247	0.240	0.192	0.322
>ATTTGCATAT	13-ATTTGCATAT	8.604237	-89.674301	0	T:644.0(1.78%),B:639.3(1.01%),P:1e-38	Tpos:98.2,Tstd:52.9,Bpos:99.1,Bstd:54.6,StrandBias:-0.2,Multiplicity:1.03
0.866	0.027	0.071	0.036
0.001	0.001	0.018	0.980
0.001	0.001	0.001	0.997
0.001	0.006	0.027	0.966
0.001	0.001	0.997	0.001
0.081	0.904	0.014	0.001
0.997	0.001	0.001	0.001
0.001	0.001	0.001	0.997
0.796	0.032	0.096	0.076
0.074	0.223	0.148	0.555
>GGRNYCCCCN	14-GGRNYCCCCN	6.015367	-73.012946	0	T:5336.0(14.74%),B:7966.1(12.63%),P:1e-31	Tpos:100.7,Tstd:55.2,Bpos:100.2,Bstd:58.8,StrandBias:-0.0,Multiplicity:1.22
0.003	0.214	0.782	0.001
0.014	0.202	0.591	0.193
0.250	0.232	0.397	0.122
0.262	0.208	0.322	0.209
0.178	0.387	0.158	0.278
0.001	0.608	0.242	0.149
0.013	0.949	0.037	0.001
0.001	0.997	0.001	0.001
0.052	0.475	0.258	0.214
0.235	0.305	0.167	0.293
>BYTTWTTTWW	15-BYTTWTTTWW	5.676340	-65.360520	0	T:5542.0(15.31%),B:8375.6(13.28%),P:1e-28	Tpos:100.0,Tstd:54.1,Bpos:98.9,Bstd:63.5,StrandBias:0.1,Multiplicity:1.18
0.016	0.315	0.324	0.346
0.191	0.349	0.038	0.422
0.329	0.038	0.043	0.590
0.338	0.037	0.038	0.587
0.351	0.146	0.034	0.469
0.347	0.082	0.049	0.522
0.161	0.177	0.039	0.623
0.296	0.104	0.042	0.558
0.379	0.205	0.030	0.386
0.389	0.222	0.036	0.353
>ACGCATCACT	16-ACGCATCACT	9.754985	-53.168623	0	T:131.0(0.36%),B:82.1(0.13%),P:1e-23	Tpos:102.4,Tstd:55.0,Bpos:80.2,Bstd:48.2,StrandBias:-0.3,Multiplicity:1.00
0.891	0.001	0.023	0.085
0.082	0.846	0.021	0.051
0.001	0.001	0.997	0.001
0.040	0.958	0.001	0.001
0.928	0.063	0.008	0.001
0.085	0.017	0.065	0.833
0.008	0.990	0.001	0.001
0.884	0.001	0.041	0.074
0.001	0.950	0.008	0.041
0.078	0.062	0.009	0.851
>GTGAACTCGG	17-GTGAACTCGG	10.296193	-36.765202	0	T:15.0(0.04%),B:1.0(0.00%),P:1e-15	Tpos:101.8,Tstd:59.6,Bpos:121.0,Bstd:0.0,StrandBias:0.0,Multiplicity:1.20
0.100	0.100	0.700	0.100
0.100	0.100	0.100	0.700
0.100	0.100	0.700	0.100
0.700	0.100	0.100	0.100
0.700	0.100	0.100	0.100
0.100	0.700	0.100	0.100
0.100	0.100	0.100	0.700
0.100	0.700	0.100	0.100
0.100	0.100	0.700	0.100
0.100	0.100	0.700	0.100
>TCGCTGGGTT	18-TCGCTGGGTT	13.701227	-30.302002	0	T:13.0(0.04%),B:1.7(0.00%),P:1e-13	Tpos:101.8,Tstd:55.4,Bpos:112.7,Bstd:48.8,StrandBias:0.2,Multiplicity:1.00
0.001	0.001	0.001	0.997
0.001	0.997	0.001	0.001
0.001	0.001	0.997	0.001
0.124	0.874	0.001	0.001
0.001	0.001	0.001	0.997
0.001	0.001	0.997	0.001
0.001	0.001	0.997	0.001
0.001	0.001	0.997	0.001
0.001	0.001	0.001	0.997
0.001	0.001	0.001	0.997
>AGGTGGTTAA	19-AGGTGGTTAA	12.361869	-29.085481	0	T:39.0(0.11%),B:16.8(0.03%),P:1e-12	Tpos:107.4,Tstd:54.0,Bpos:101.3,Bstd:38.3,StrandBias:0.1,Multiplicity:1.00
0.997	0.001	0.001	0.001
0.001	0.001	0.997	0.001
0.001	0.001	0.997	0.001
0.001	0.001	0.001	0.997
0.001	0.001	0.997	0.001
0.001	0.001	0.997	0.001
0.229	0.001	0.001	0.769
0.001	0.001	0.001	0.997
0.997	0.001	0.001	0.001
0.997	0.001	0.001	0.001
>AACGCACCCT	20-AACGCACCCT	11.748428	-25.724794	0	T:19.0(0.05%),B:4.3(0.01%),P:1e-11	Tpos:107.8,Tstd:53.7,Bpos:131.9,Bstd:34.5,StrandBias:0.5,Multiplicity:1.00
0.997	0.001	0.001	0.001
0.997	0.001	0.001	0.001
0.001	0.997	0.001	0.001
0.001	0.001	0.997	0.001
0.001	0.997	0.001	0.001
0.997	0.001	0.001	0.001
0.001	0.997	0.001	0.001
0.001	0.997	0.001	0.001
0.001	0.874	0.124	0.001
0.001	0.001	0.001	0.997
>AGCCCGCGTT	21-AGCCCGCGTT	10.296193	-24.328780	0	T:14.0(0.04%),B:3.0(0.00%),P:1e-10	Tpos:85.4,Tstd:55.0,Bpos:59.1,Bstd:64.2,StrandBias:-0.7,Multiplicity:1.08
0.700	0.100	0.100	0.100
0.100	0.100	0.700	0.100
0.100	0.700	0.100	0.100
0.100	0.700	0.100	0.100
0.100	0.700	0.100	0.100
0.100	0.100	0.700	0.100
0.100	0.700	0.100	0.100
0.100	0.100	0.700	0.100
0.100	0.100	0.100	0.700
0.100	0.100	0.100	0.700
>CACCTTGCGG	22-CACCTTGCGG	10.296193	-21.537437	0	T:17.0(0.05%),B:4.4(0.01%),P:1e-9	Tpos:91.4,Tstd:68.6,Bpos:131.1,Bstd:52.3,StrandBias:0.7,Multiplicity:1.00
0.100	0.700	0.100	0.100
0.700	0.100	0.100	0.100
0.100	0.700	0.100	0.100
0.100	0.700	0.100	0.100
0.100	0.100	0.100	0.700
0.100	0.100	0.100	0.700
0.100	0.100	0.700	0.100
0.100	0.700	0.100	0.100
0.100	0.100	0.700	0.100
0.100	0.100	0.700	0.100
>ATCAAATCTA	23-ATCAAATCTA	10.295443	-21.335029	0	T:26.0(0.07%),B:10.8(0.02%),P:1e-9	Tpos:96.0,Tstd:57.3,Bpos:101.4,Bstd:43.5,StrandBias:-0.3,Multiplicity:1.00
0.997	0.001	0.001	0.001
0.001	0.001	0.001	0.997
0.001	0.997	0.001	0.001
0.997	0.001	0.001	0.001
0.997	0.001	0.001	0.001
0.997	0.001	0.001	0.001
0.001	0.001	0.001	0.997
0.001	0.997	0.001	0.001
0.001	0.001	0.029	0.969
0.997	0.001	0.001	0.001
>ATATCAATAG	24-ATATCAATAG	10.296193	-11.491288	0	T:13.0(0.04%),B:5.6(0.01%),P:1e-4	Tpos:100.2,Tstd:45.5,Bpos:82.8,Bstd:51.5,StrandBias:-0.7,Multiplicity:1.00
0.700	0.100	0.100	0.100
0.100	0.100	0.100	0.700
0.700	0.100	0.100	0.100
0.100	0.100	0.100	0.700
0.100	0.700	0.100	0.100
0.700	0.100	0.100	0.100
0.700	0.100	0.100	0.100
0.100	0.100	0.100	0.700
0.700	0.100	0.100	0.100
0.100	0.100	0.700	0.100
>AGGAAGCGGC	25-AGGAAGCGGC	11.737367	-5.969907	0	T:63.0(0.17%),B:75.5(0.12%),P:1e-2	Tpos:99.9,Tstd:45.4,Bpos:105.8,Bstd:50.4,StrandBias:-0.1,Multiplicity:1.00
0.997	0.001	0.001	0.001
0.001	0.001	0.997	0.001
0.001	0.001	0.886	0.112
0.997	0.001	0.001	0.001
0.997	0.001	0.001	0.001
0.138	0.001	0.860	0.001
0.001	0.997	0.001	0.001
0.001	0.001	0.997	0.001
0.001	0.001	0.997	0.001
0.001	0.997	0.001	0.001
>ACTTCCTCTTTY	1-ACTTCCTCTTTY	9.357891	-1319.094824	0	T:2256.0(6.23%),B:1081.3(1.71%),P:1e-572	Tpos:98.8,Tstd:49.8,Bpos:99.6,Bstd:55.8,StrandBias:0.1,Multiplicity:1.06
0.673	0.051	0.183	0.093
0.009	0.663	0.202	0.126
0.024	0.001	0.002	0.973
0.003	0.003	0.009	0.985
0.003	0.973	0.005	0.019
0.005	0.839	0.002	0.154
0.011	0.276	0.076	0.637
0.032	0.607	0.158	0.203
0.172	0.103	0.008	0.717
0.057	0.030	0.033	0.880
0.087	0.161	0.069	0.683
0.147	0.306	0.118	0.428
>AARGAGGAASTR	2-AARGAGGAASTR	7.143643	-1009.651436	0	T:6686.0(18.47%),B:6659.2(10.56%),P:1e-438	Tpos:100.5,Tstd:53.8,Bpos:100.2,Bstd:55.2,StrandBias:0.0,Multiplicity:1.11
0.418	0.108	0.267	0.207
0.433	0.076	0.281	0.210
0.432	0.070	0.283	0.215
0.234	0.185	0.502	0.079
0.748	0.017	0.185	0.050
0.031	0.006	0.942	0.021
0.039	0.015	0.926	0.020
0.925	0.033	0.022	0.020
0.895	0.011	0.044	0.050
0.100	0.407	0.449	0.044
0.136	0.188	0.067	0.609
0.354	0.102	0.362	0.182
>CCACYAGRKGGC	3-CCACYAGRKGGC	10.824353	-686.155678	0	T:708.0(1.96%),B:206.8(0.33%),P:1e-297	Tpos:98.4,Tstd:43.6,Bpos:112.0,Bstd:54.9,StrandBias:0.2,Multiplicity:1.01
0.102	0.821	0.044	0.033
0.001	0.997	0.001	0.001
0.845	0.001	0.031	0.123
0.018	0.756	0.225	0.001
0.133	0.353	0.043	0.471
0.884	0.012	0.018	0.086
0.001	0.001	0.997	0.001
0.506	0.001	0.492	0.001
0.001	0.001	0.566	0.432
0.001	0.001	0.997	0.001
0.001	0.001	0.887	0.111
0.235	0.648	0.001	0.116
>GTTTCACTTCCT	4-GTTTCACTTCCT	10.003312	-369.688536	0	T:876.0(2.42%),B:524.2(0.83%),P:1e-160	Tpos:100.4,Tstd:51.6,Bpos:99.8,Bstd:56.1,StrandBias:0.1,Multiplicity:1.02
0.259	0.168	0.414	0.159
0.121	0.088	0.020	0.771
0.038	0.154	0.115	0.693
0.005	0.037	0.001	0.957
0.078	0.825	0.044	0.053
0.975	0.001	0.001	0.023
0.061	0.662	0.098	0.179
0.042	0.001	0.001	0.956
0.023	0.001	0.001	0.975
0.001	0.821	0.001	0.177
0.009	0.887	0.001	0.103
0.085	0.168	0.001	0.746
>CACCAGGTGGCA	5-CACCAGGTGGCA	9.806753	-314.658819	0	T:660.0(1.82%),B:364.2(0.58%),P:1e-136	Tpos:98.2,Tstd:52.7,Bpos:103.3,Bstd:58.8,StrandBias:0.0,Multiplicity:1.02
0.034	0.876	0.072	0.018
0.659	0.061	0.132	0.148
0.047	0.688	0.230	0.035
0.029	0.765	0.093	0.113
0.828	0.031	0.035	0.106
0.024	0.008	0.967	0.001
0.021	0.011	0.965	0.003
0.090	0.022	0.183	0.705
0.001	0.006	0.934	0.059
0.078	0.039	0.835	0.048
0.001	0.960	0.003	0.036
0.830	0.024	0.126	0.020
>HACTTCTGCTTT	6-HACTTCTGCTTT	11.406323	-228.517117	0	T:312.0(0.86%),B:122.5(0.19%),P:1e-99	Tpos:102.5,Tstd:52.1,Bpos:100.5,Bstd:58.7,StrandBias:-0.1,Multiplicity:1.02
0.305	0.272	0.146	0.277
0.822	0.001	0.176	0.001
0.001	0.704	0.161	0.134
0.067	0.001	0.001	0.931
0.001	0.001	0.001	0.997
0.001	0.997	0.001	0.001
0.001	0.001	0.001	0.997
0.001	0.310	0.688	0.001
0.033	0.657	0.047	0.263
0.205	0.019	0.001	0.775
0.036	0.001	0.001	0.962
0.001	0.076	0.001	0.922
>ACAGGAAACCAC	7-ACAGGAAACCAC	9.107962	-121.829817	0	T:878.0(2.43%),B:871.5(1.38%),P:1e-52	Tpos:99.6,Tstd:53.4,Bpos:99.3,Bstd:56.5,StrandBias:-0.0,Multiplicity:1.01
0.796	0.027	0.136	0.041
0.117	0.739	0.115	0.029
0.941	0.003	0.005	0.051
0.047	0.001	0.928	0.024
0.057	0.018	0.917	0.008
0.947	0.028	0.024	0.001
0.984	0.001	0.014	0.001
0.820	0.040	0.137	0.003
0.001	0.869	0.030	0.100
0.215	0.756	0.003	0.026
0.677	0.121	0.121	0.081
0.127	0.628	0.128	0.117
>AGAGGGCGCTAA	8-AGAGGGCGCTAA	11.182183	-95.355509	0	T:37.0(0.10%),B:3.0(0.00%),P:1e-41	Tpos:99.8,Tstd:54.3,Bpos:123.0,Bstd:0.0,StrandBias:1.0,Multiplicity:1.00
0.933	0.005	0.046	0.016
0.030	0.152	0.797	0.021
0.699	0.065	0.129	0.107
0.022	0.016	0.946	0.016
0.161	0.010	0.828	0.001
0.021	0.021	0.915	0.043
0.027	0.732	0.021	0.220
0.139	0.016	0.657	0.188
0.069	0.789	0.055	0.087
0.216	0.011	0.025	0.748
0.682	0.127	0.175	0.016
0.679	0.199	0.016	0.106
>NNAACGAAATNR	9-NNAACGAAATNR	4.596229	-70.597244	0	T:5962.0(16.47%),B:9013.2(14.29%),P:1e-30	Tpos:99.0,Tstd:53.9,Bpos:99.9,Bstd:61.1,StrandBias:0.0,Multiplicity:1.12
0.299	0.201	0.282	0.219
0.258	0.230	0.198	0.315
0.693	0.084	0.077	0.146
0.633	0.109	0.126	0.132
0.009	0.946	0.034	0.011
0.012	0.035	0.898	0.055
0.650	0.095	0.120	0.135
0.677	0.095	0.090	0.138
0.710	0.097	0.093	0.100
0.133	0.126	0.170	0.571
0.260	0.207	0.284	0.249
0.241	0.184	0.364	0.211
>TGCAMTMGTTTA	10-TGCAMTMGTTTA	10.328817	-68.800059	0	T:33.0(0.09%),B:3.7(0.01%),P:1e-29	Tpos:101.3,Tstd:54.5,Bpos:145.6,Bstd:17.4,StrandBias:0.0,Multiplicity:1.03
0.023	0.039	0.028	0.910
0.046	0.339	0.571	0.044
0.250	0.681	0.030	0.039
0.687	0.051	0.019	0.243
0.322	0.422	0.218	0.038
0.293	0.040	0.027	0.640
0.434	0.494	0.029	0.042
0.026	0.032	0.637	0.305
0.025	0.023	0.028	0.924
0.019	0.032	0.021	0.928
0.360	0.030	0.025	0.585
0.524	0.050	0.176	0.250
>TGATATGCAAAT	11-TGATATGCAAAT	7.029548	-59.632987	0	T:743.0(2.05%),B:856.5(1.36%),P:1e-25	Tpos:99.8,Tstd:55.1,Bpos:97.8,Bstd:54.9,StrandBias:-0.1,Multiplicity:1.02
0.216	0.094	0.171	0.519
0.179	0.160	0.492	0.168
0.569	0.146	0.119	0.166
0.198	0.137	0.144	0.521
0.513	0.156	0.134	0.197
0.174	0.020	0.129	0.677
0.147	0.090	0.610	0.153
0.188	0.532	0.147	0.133
0.776	0.102	0.025	0.097
0.593	0.137	0.149	0.121
0.672	0.139	0.121	0.068
0.217	0.135	0.157	0.491
>TTTTTTYTTTTW	12-TTTTTTYTTTTW	9.054074	-58.069653	0	T:2836.0(7.83%),B:4061.8(6.44%),P:1e-25	Tpos:100.2,Tstd:54.5,Bpos:100.6,Bstd:63.0,StrandBias:0.1,Multiplicity:1.04
0.255	0.001	0.001	0.743
0.001	0.001	0.001	0.997
0.001	0.082	0.182	0.735
0.001	0.227	0.020	0.752
0.003	0.135	0.001	0.861
0.218	0.090	0.057	0.635
0.179	0.419	0.022	0.380
0.172	0.072	0.061	0.695
0.114	0.132	0.001	0.753
0.133	0.038	0.001	0.828
0.001	0.001	0.001	0.997
0.479	0.001	0.119	0.401
>CGTTTTTTTTTT	13-CGTTTTTTTTTT	7.142521	-54.051063	0	T:4003.0(11.06%),B:5971.9(9.47%),P:1e-23	Tpos:99.5,Tstd:53.4,Bpos:99.5,Bstd:62.9,StrandBias:0.2,Multiplicity:1.12
0.114	0.594	0.142	0.150
0.140	0.129	0.588	0.143
0.078	0.083	0.082	0.757
0.061	0.063	0.078	0.798
0.073	0.067	0.064	0.796
0.074	0.081	0.069	0.776
0.082	0.069	0.072	0.777
0.077	0.079	0.076	0.768
0.072	0.078	0.075	0.775
0.073	0.072	0.064	0.791
0.060	0.087	0.061	0.792
0.073	0.080	0.062	0.785
>GCTACGTTGCTT	14-GCTACGTTGCTT	11.128211	-52.578334	0	T:24.0(0.07%),B:2.9(0.00%),P:1e-22	Tpos:79.8,Tstd:50.3,Bpos:50.2,Bstd:22.8,StrandBias:0.0,Multiplicity:1.00
0.022	0.054	0.881	0.043
0.023	0.912	0.043	0.022
0.065	0.066	0.033	0.836
0.753	0.137	0.109	0.001
0.137	0.748	0.043	0.072
0.046	0.033	0.881	0.040
0.033	0.033	0.033	0.901
0.076	0.044	0.204	0.676
0.043	0.091	0.843	0.023
0.023	0.922	0.033	0.022
0.094	0.033	0.043	0.830
0.065	0.043	0.065	0.827
>TGGGTAAATCTC	15-TGGGTAAATCTC	11.160766	-50.068610	0	T:52.0(0.14%),B:16.7(0.03%),P:1e-21	Tpos:108.0,Tstd:47.7,Bpos:76.0,Bstd:53.3,StrandBias:0.3,Multiplicity:1.00
0.045	0.039	0.079	0.837
0.063	0.039	0.865	0.033
0.086	0.026	0.819	0.069
0.050	0.039	0.859	0.052
0.049	0.030	0.142	0.779
0.898	0.019	0.057	0.026
0.893	0.043	0.032	0.032
0.888	0.046	0.026	0.040
0.152	0.039	0.090	0.719
0.085	0.842	0.060	0.013
0.073	0.046	0.006	0.875
0.052	0.734	0.171	0.043
>CCCCCNSCCCCC	16-CCCCCNSCCCCC	7.464500	-49.180641	0	T:6170.0(17.04%),B:9588.2(15.20%),P:1e-21	Tpos:100.1,Tstd:54.3,Bpos:97.8,Bstd:58.8,StrandBias:-0.1,Multiplicity:1.39
0.079	0.785	0.076	0.060
0.063	0.829	0.049	0.059
0.077	0.817	0.050	0.056
0.047	0.805	0.073	0.075
0.079	0.843	0.075	0.003
0.293	0.226	0.250	0.230
0.047	0.498	0.412	0.044
0.089	0.767	0.073	0.071
0.082	0.824	0.049	0.045
0.065	0.805	0.072	0.058
0.082	0.804	0.059	0.055
0.085	0.784	0.077	0.054
>CGCGTGAGAACT	17-CGCGTGAGAACT	8.258746	-46.535644	0	T:22.0(0.06%),B:2.6(0.00%),P:1e-20	Tpos:112.0,Tstd:52.7,Bpos:126.0,Bstd:63.2,StrandBias:-0.8,Multiplicity:1.00
0.092	0.520	0.165	0.223
0.225	0.176	0.503	0.096
0.141	0.564	0.269	0.026
0.143	0.034	0.553	0.270
0.017	0.017	0.319	0.647
0.150	0.176	0.484	0.190
0.648	0.027	0.200	0.125
0.128	0.025	0.743	0.104
0.592	0.242	0.147	0.019
0.549	0.277	0.022	0.152
0.227	0.526	0.158	0.089
0.158	0.222	0.163	0.456
>CCAGCCTCCCCG	18-CCAGCCTCCCCG	12.441920	-46.075375	0	T:25.0(0.07%),B:3.9(0.01%),P:1e-20	Tpos:115.0,Tstd:57.2,Bpos:117.7,Bstd:28.3,StrandBias:-0.8,Multiplicity:1.00
0.001	0.997	0.001	0.001
0.001	0.980	0.001	0.018
0.997	0.001	0.001	0.001
0.001	0.001	0.997	0.001
0.001	0.997	0.001	0.001
0.134	0.864	0.001	0.001
0.001	0.001	0.001	0.997
0.001	0.997	0.001	0.001
0.001	0.997	0.001	0.001
0.001	0.997	0.001	0.001
0.001	0.997	0.001	0.001
0.001	0.001	0.997	0.001
>TGGCTACGCATC	19-TGGCTACGCATC	10.438402	-40.758501	0	T:23.0(0.06%),B:3.5(0.01%),P:1e-17	Tpos:86.4,Tstd:54.6,Bpos:44.9,Bstd:17.8,StrandBias:-0.1,Multiplicity:1.00
0.058	0.029	0.059	0.854
0.029	0.029	0.870	0.072
0.043	0.074	0.788	0.095
0.029	0.832	0.125	0.014
0.014	0.031	0.072	0.883
0.840	0.043	0.086	0.031
0.069	0.785	0.074	0.072
0.096	0.058	0.803	0.043
0.101	0.784	0.072	0.043
0.868	0.031	0.058	0.043
0.043	0.029	0.045	0.883
0.086	0.828	0.072	0.014
>TGACGCCCTACA	20-TGACGCCCTACA	10.551127	-38.162682	0	T:22.0(0.06%),B:3.8(0.01%),P:1e-16	Tpos:104.5,Tstd:55.6,Bpos:79.4,Bstd:6.7,StrandBias:0.5,Multiplicity:1.10
0.072	0.030	0.052	0.846
0.023	0.045	0.901	0.031
0.762	0.080	0.121	0.037
0.072	0.773	0.038	0.117
0.052	0.067	0.780	0.101
0.037	0.844	0.067	0.052
0.035	0.905	0.015	0.045
0.022	0.913	0.015	0.050
0.067	0.099	0.045	0.789
0.786	0.095	0.067	0.052
0.095	0.803	0.050	0.052
0.911	0.052	0.015	0.022
>GGATCGGCCTAG	21-GGATCGGCCTAG	10.068500	-37.041187	0	T:24.0(0.07%),B:4.5(0.01%),P:1e-16	Tpos:87.9,Tstd:52.4,Bpos:73.5,Bstd:38.8,StrandBias:-0.2,Multiplicity:1.00
0.164	0.065	0.753	0.018
0.113	0.085	0.741	0.061
0.679	0.102	0.133	0.086
0.082	0.132	0.101	0.685
0.164	0.709	0.110	0.017
0.081	0.125	0.681	0.113
0.042	0.126	0.619	0.213
0.034	0.864	0.064	0.038
0.077	0.744	0.053	0.126
0.093	0.192	0.121	0.594
0.756	0.122	0.053	0.069
0.021	0.016	0.947	0.016
>TCGAAGCATCGG	22-TCGAAGCATCGG	10.921145	-33.105565	0	T:20.0(0.06%),B:3.6(0.01%),P:1e-14	Tpos:96.5,Tstd:57.7,Bpos:136.3,Bstd:13.7,StrandBias:0.6,Multiplicity:1.00
0.076	0.001	0.001	0.922
0.077	0.845	0.001	0.077
0.076	0.001	0.922	0.001
0.922	0.001	0.076	0.001
0.997	0.001	0.001	0.001
0.001	0.001	0.997	0.001
0.001	0.997	0.001	0.001
0.769	0.077	0.077	0.077
0.001	0.001	0.076	0.922
0.077	0.845	0.077	0.001
0.001	0.001	0.922	0.076
0.001	0.001	0.997	0.001
>CGGTCTATCTTT	23-CGGTCTATCTTT	10.409522	-26.904174	0	T:15.0(0.04%),B:2.9(0.00%),P:1e-11	Tpos:81.4,Tstd:51.0,Bpos:75.2,Bstd:68.8,StrandBias:0.2,Multiplicity:1.00
0.100	0.700	0.100	0.100
0.100	0.100	0.700	0.100
0.100	0.100	0.700	0.100
0.100	0.100	0.100	0.700
0.100	0.700	0.100	0.100
0.100	0.100	0.100	0.700
0.700	0.100	0.100	0.100
0.100	0.100	0.100	0.700
0.100	0.700	0.100	0.100
0.100	0.100	0.100	0.700
0.100	0.100	0.100	0.700
0.100	0.100	0.100	0.700
>CGCGTATGCAGG	24-CGCGTATGCAGG	8.697678	-21.537437	0	T:17.0(0.05%),B:4.1(0.01%),P:1e-9	Tpos:83.9,Tstd:60.4,Bpos:72.5,Bstd:35.6,StrandBias:0.7,Multiplicity:1.00
0.109	0.642	0.121	0.128
0.109	0.121	0.667	0.103
0.104	0.658	0.117	0.121
0.114	0.115	0.653	0.118
0.100	0.117	0.127	0.656
0.601	0.141	0.127	0.131
0.115	0.108	0.118	0.659
0.084	0.096	0.709	0.111
0.112	0.688	0.104	0.096
0.686	0.101	0.107	0.106
0.103	0.088	0.711	0.098
0.112	0.119	0.671	0.098
>CGTTACTGGCAC	25-CGTTACTGGCAC	10.726704	-20.871730	0	T:20.0(0.06%),B:6.9(0.01%),P:1e-9	Tpos:91.4,Tstd:48.5,Bpos:163.6,Bstd:33.5,StrandBias:0.0,Multiplicity:1.00
0.076	0.770	0.087	0.067
0.117	0.143	0.660	0.080
0.031	0.050	0.050	0.869
0.050	0.097	0.106	0.747
0.862	0.021	0.050	0.067
0.060	0.920	0.010	0.010
0.061	0.040	0.050	0.849
0.031	0.040	0.889	0.040
0.030	0.071	0.869	0.030
0.051	0.849	0.080	0.020
0.842	0.041	0.040	0.077
0.050	0.880	0.030	0.040
>GAGGAAGT	1-GAGGAAGT	8.543145	-803.601502	0	T:3107.0(8.58%),B:2457.4(3.90%),P:1e-348	Tpos:100.9,Tstd:52.9,Bpos:101.4,Bstd:56.6,StrandBias:-0.0,Multiplicity:1.07
0.124	0.001	0.874	0.001
0.812	0.001	0.186	0.001
0.001	0.001	0.997	0.001
0.001	0.001	0.997	0.001
0.997	0.001	0.001	0.001
0.997	0.001	0.001	0.001
0.001	0.112	0.886	0.001
0.001	0.001	0.001	0.997
>TTCCTCTT	2-TTCCTCTT	8.251310	-625.113270	0	T:3783.0(10.45%),B:3588.3(5.69%),P:1e-271	Tpos:98.5,Tstd:52.6,Bpos:98.5,Bstd:58.2,StrandBias:0.0,Multiplicity:1.08
0.001	0.001	0.001	0.997
0.001	0.001	0.001	0.997
0.001	0.997	0.001	0.001
0.001	0.997	0.001	0.001
0.001	0.104	0.001	0.894
0.001	0.682	0.316	0.001
0.161	0.001	0.001	0.837
0.001	0.001	0.001	0.997
>KRYTTCCT	3-KRYTTCCT	7.012014	-590.476358	0	T:7817.0(21.59%),B:9360.8(14.84%),P:1e-256	Tpos:100.9,Tstd:55.6,Bpos:100.3,Bstd:57.0,StrandBias:0.0,Multiplicity:1.10
0.075	0.178	0.374	0.373
0.487	0.001	0.511	0.001
0.001	0.513	0.001	0.485
0.001	0.001	0.001	0.997
0.001	0.001	0.001	0.997
0.001	0.997	0.001	0.001
0.001	0.954	0.044	0.001
0.001	0.042	0.001	0.956
>ACTTCCCY	4-ACTTCCCY	6.440482	-510.097207	0	T:6238.0(17.23%),B:7285.8(11.55%),P:1e-221	Tpos:100.7,Tstd:54.5,Bpos:100.3,Bstd:56.6,StrandBias:0.0,Multiplicity:1.06
0.997	0.001	0.001	0.001
0.017	0.484	0.256	0.242
0.118	0.001	0.065	0.816
0.048	0.001	0.032	0.919
0.077	0.818	0.032	0.073
0.077	0.746	0.054	0.123
0.073	0.734	0.022	0.171
0.001	0.408	0.093	0.498
>CGAWTWRW	5-CGAWTWRW	0.702329	-172.946840	0	T:8703.0(24.04%),B:12662.7(20.08%),P:1e-75	Tpos:99.7,Tstd:55.2,Bpos:99.6,Bstd:61.7,StrandBias:0.0,Multiplicity:1.23
0.001	0.997	0.001	0.001
0.001	0.001	0.997	0.001
0.613	0.003	0.068	0.316
0.482	0.001	0.001	0.516
0.194	0.001	0.001	0.804
0.473	0.001	0.001	0.525
0.412	0.001	0.375	0.211
0.521	0.001	0.001	0.477
>DCGBTDWW	6-DCGBTDWW	-0.314398	-133.831453	0	T:16584.0(45.81%),B:26242.9(41.61%),P:1e-58	Tpos:99.5,Tstd:56.1,Bpos:100.1,Bstd:61.6,StrandBias:0.0,Multiplicity:1.44
0.372	0.001	0.377	0.251
0.001	0.997	0.001	0.001
0.001	0.001	0.997	0.001
0.001	0.373	0.290	0.335
0.001	0.001	0.001	0.997
0.302	0.001	0.355	0.342
0.273	0.151	0.206	0.370
0.569	0.001	0.001	0.429
>AGGTGGCA	7-AGGTGGCA	6.857355	-115.345330	0	T:4192.0(11.58%),B:5817.4(9.22%),P:1e-50	Tpos:99.6,Tstd:55.1,Bpos:100.7,Bstd:56.1,StrandBias:-0.1,Multiplicity:1.07
0.852	0.001	0.065	0.082
0.062	0.001	0.936	0.001
0.215	0.216	0.568	0.001
0.001	0.136	0.170	0.693
0.001	0.001	0.961	0.037
0.189	0.136	0.518	0.157
0.001	0.997	0.001	0.001
0.808	0.001	0.190	0.001
>ACCAGGTG	8-ACCAGGTG	6.663586	-114.897983	0	T:4871.0(13.45%),B:6893.5(10.93%),P:1e-49	Tpos:100.0,Tstd:55.3,Bpos:101.2,Bstd:56.9,StrandBias:0.0,Multiplicity:1.12
0.704	0.110	0.137	0.049
0.052	0.784	0.148	0.016
0.015	0.944	0.001	0.040
0.907	0.019	0.010	0.064
0.001	0.001	0.997	0.001
0.001	0.021	0.977	0.001
0.001	0.035	0.081	0.883
0.001	0.001	0.997	0.001
>TTTCACGT	9-TTTCACGT	7.379633	-100.739944	0	T:1452.0(4.01%),B:1724.2(2.73%),P:1e-43	Tpos:101.4,Tstd:54.1,Bpos:101.4,Bstd:61.6,StrandBias:0.1,Multiplicity:1.02
0.071	0.001	0.001	0.927
0.001	0.032	0.001	0.966
0.037	0.001	0.001	0.961
0.021	0.918	0.060	0.001
0.795	0.083	0.061	0.061
0.001	0.997	0.001	0.001
0.001	0.001	0.632	0.366
0.001	0.094	0.098	0.807
>AAGCAGAA	10-AAGCAGAA	6.465555	-86.186752	0	T:1408.0(3.89%),B:1715.3(2.72%),P:1e-37	Tpos:102.4,Tstd:54.7,Bpos:101.4,Bstd:58.9,StrandBias:0.1,Multiplicity:1.03
0.997	0.001	0.001	0.001
0.842	0.001	0.001	0.156
0.001	0.001	0.997	0.001
0.001	0.997	0.001	0.001
0.934	0.064	0.001	0.001
0.001	0.001	0.997	0.001
0.997	0.001	0.001	0.001
0.997	0.001	0.001	0.001
>CAGATGGC	11-CAGATGGC	7.197524	-74.023513	0	T:2123.0(5.86%),B:2844.6(4.51%),P:1e-32	Tpos:98.7,Tstd:55.5,Bpos:101.6,Bstd:57.1,StrandBias:0.0,Multiplicity:1.03
0.001	0.790	0.001	0.208
0.894	0.001	0.104	0.001
0.039	0.126	0.834	0.001
0.873	0.001	0.049	0.077
0.001	0.290	0.189	0.520
0.149	0.001	0.849	0.001
0.262	0.001	0.736	0.001
0.001	0.831	0.092	0.076
>ATGCAAAT	12-ATGCAAAT	9.503901	-73.586942	0	T:887.0(2.45%),B:1013.7(1.61%),P:1e-31	Tpos:97.0,Tstd:53.4,Bpos:98.3,Bstd:57.4,StrandBias:0.1,Multiplicity:1.04
0.997	0.001	0.001	0.001
0.001	0.001	0.001	0.997
0.001	0.001	0.997	0.001
0.001	0.997	0.001	0.001
0.997	0.001	0.001	0.001
0.997	0.001	0.001	0.001
0.997	0.001	0.001	0.001
0.209	0.001	0.001	0.789
>GGGCCCCC	13-GGGCCCCC	7.504708	-72.978554	0	T:2737.0(7.56%),B:3802.1(6.03%),P:1e-31	Tpos:102.2,Tstd:55.9,Bpos:102.7,Bstd:59.2,StrandBias:0.0,Multiplicity:1.15
0.001	0.001	0.978	0.020
0.001	0.256	0.644	0.099
0.109	0.038	0.835	0.018
0.155	0.749	0.047	0.049
0.001	0.951	0.001	0.047
0.001	0.958	0.040	0.001
0.001	0.975	0.001	0.023
0.001	0.963	0.035	0.001
>TTWTTTTA	14-TTWTTTTA	4.596557	-72.093621	0	T:13837.0(38.22%),B:22236.6(35.26%),P:1e-31	Tpos:100.2,Tstd:55.0,Bpos:99.1,Bstd:62.4,StrandBias:0.0,Multiplicity:1.62
0.001	0.349	0.060	0.590
0.001	0.051	0.001	0.947
0.491	0.001	0.001	0.507
0.084	0.001	0.001	0.914
0.001	0.001	0.001	0.997
0.001	0.001	0.001	0.997
0.211	0.001	0.001	0.787
0.598	0.088	0.001	0.313
>GCACCTGT	15-GCACCTGT	9.409725	-71.959625	0	T:1573.0(4.34%),B:2020.9(3.20%),P:1e-31	Tpos:103.5,Tstd:55.1,Bpos:102.0,Bstd:59.3,StrandBias:0.0,Multiplicity:1.03
0.001	0.001	0.997	0.001
0.001	0.997	0.001	0.001
0.997	0.001	0.001	0.001
0.001	0.729	0.269	0.001
0.001	0.997	0.001	0.001
0.001	0.001	0.001	0.997
0.001	0.001	0.997	0.001
0.001	0.293	0.001	0.705
>CACTAGAG	16-CACTAGAG	9.266509	-70.552525	0	T:597.0(1.65%),B:623.7(0.99%),P:1e-30	Tpos:97.9,Tstd:51.9,Bpos:98.7,Bstd:55.5,StrandBias:-0.0,Multiplicity:1.00
0.001	0.997	0.001	0.001
0.997	0.001	0.001	0.001
0.001	0.997	0.001	0.001
0.001	0.001	0.001	0.997
0.997	0.001	0.001	0.001
0.001	0.001	0.997	0.001
0.708	0.071	0.220	0.001
0.001	0.001	0.747	0.251
>AAACCACA	17-AAACCACA	7.022191	-68.316694	0	T:1323.0(3.65%),B:1664.7(2.64%),P:1e-29	Tpos:98.7,Tstd:53.3,Bpos:100.7,Bstd:58.0,StrandBias:-0.0,Multiplicity:1.03
0.642	0.134	0.001	0.223
0.997	0.001	0.001	0.001
0.997	0.001	0.001	0.001
0.001	0.997	0.001	0.001
0.001	0.868	0.130	0.001
0.997	0.001	0.001	0.001
0.001	0.997	0.001	0.001
0.997	0.001	0.001	0.001
>CGTCATTA	18-CGTCATTA	6.260814	-58.836051	0	T:1282.0(3.54%),B:1646.1(2.61%),P:1e-25	Tpos:98.8,Tstd:56.1,Bpos:96.8,Bstd:60.2,StrandBias:0.0,Multiplicity:1.02
0.001	0.922	0.001	0.076
0.001	0.131	0.867	0.001
0.024	0.001	0.088	0.887
0.131	0.866	0.002	0.001
0.497	0.044	0.329	0.129
0.001	0.001	0.231	0.767
0.053	0.074	0.033	0.840
0.892	0.035	0.072	0.001
>TKATGCGT	19-TKATGCGT	6.494199	-57.474042	0	T:1147.0(3.17%),B:1451.8(2.30%),P:1e-24	Tpos:100.0,Tstd:55.8,Bpos:100.1,Bstd:58.9,StrandBias:-0.1,Multiplicity:1.02
0.283	0.057	0.076	0.584
0.193	0.001	0.388	0.419
0.896	0.083	0.001	0.020
0.099	0.001	0.001	0.899
0.001	0.104	0.872	0.023
0.001	0.961	0.001	0.037
0.170	0.001	0.828	0.001
0.010	0.063	0.257	0.670
>GGCAATCG	20-GGCAATCG	8.236954	-36.513330	0	T:53.0(0.15%),B:23.3(0.04%),P:1e-15	Tpos:95.5,Tstd:47.9,Bpos:74.6,Bstd:45.6,StrandBias:0.1,Multiplicity:1.00
0.100	0.100	0.700	0.100
0.100	0.100	0.700	0.100
0.100	0.700	0.100	0.100
0.700	0.100	0.100	0.100
0.700	0.100	0.100	0.100
0.100	0.100	0.100	0.700
0.100	0.700	0.100	0.100
0.100	0.100	0.700	0.100
>GCGTGTTT	21-GCGTGTTT	8.089057	-30.064150	0	T:430.0(1.19%),B:514.3(0.82%),P:1e-13	Tpos:99.3,Tstd:56.5,Bpos:91.5,Bstd:62.1,StrandBias:0.1,Multiplicity:1.02
0.001	0.001	0.997	0.001
0.001	0.997	0.001	0.001
0.001	0.001	0.997	0.001
0.001	0.001	0.001	0.997
0.001	0.268	0.730	0.001
0.001	0.001	0.001	0.997
0.001	0.194	0.001	0.804
0.086	0.001	0.001	0.912
>CGGAGATT	22-CGGAGATT	5.717439	-24.621359	0	T:372.0(1.03%),B:451.9(0.72%),P:1e-10	Tpos:101.4,Tstd:58.5,Bpos:99.6,Bstd:55.1,StrandBias:0.1,Multiplicity:1.00
0.001	0.997	0.001	0.001
0.001	0.001	0.997	0.001
0.001	0.001	0.997	0.001
0.977	0.001	0.001	0.021
0.001	0.001	0.997	0.001
0.997	0.001	0.001	0.001
0.001	0.001	0.001	0.997
0.225	0.227	0.001	0.547
>TCCCCCGA	23-TCCCCCGA	9.242971	-20.899632	0	T:335.0(0.93%),B:412.5(0.65%),P:1e-9	Tpos:97.6,Tstd:55.4,Bpos:98.1,Bstd:60.4,StrandBias:0.1,Multiplicity:1.01
0.001	0.001	0.001	0.997
0.001	0.997	0.001	0.001
0.161	0.837	0.001	0.001
0.001	0.997	0.001	0.001
0.001	0.997	0.001	0.001
0.001	0.997	0.001	0.001
0.001	0.001	0.997	0.001
0.997	0.001	0.001	0.001
>RCGAKYWA	24-RCGAKYWA	8.443832	-12.857369	0	T:149.0(0.41%),B:174.8(0.28%),P:1e-5	Tpos:93.6,Tstd:51.7,Bpos:102.8,Bstd:65.4,StrandBias:-0.7,Multiplicity:1.00
0.469	0.001	0.529	0.001
0.001	0.997	0.001	0.001
0.001	0.001	0.997	0.001
0.997	0.001	0.001	0.001
0.001	0.001	0.477	0.521
0.001	0.481	0.001	0.517
0.568	0.001	0.001	0.430
0.997	0.001	0.001	0.001
>AGCGGTAT	25-AGCGGTAT	8.319828	-6.420236	0	T:208.0(0.57%),B:293.4(0.47%),P:1e-2	Tpos:95.1,Tstd:62.2,Bpos:81.5,Bstd:57.8,StrandBias:-0.8,Multiplicity:1.00
0.517	0.171	0.001	0.311
0.179	0.001	0.622	0.198
0.001	0.997	0.001	0.001
0.001	0.001	0.997	0.001
0.001	0.001	0.997	0.001
0.001	0.001	0.001	0.997
0.687	0.001	0.311	0.001
0.001	0.001	0.001	0.997
