>AAGAGGAAGT	1-AAGAGGAAGT	6.839979	-1346.048847	0	T:4593.0(12.69%),B:3465.7(5.50%),P:1e-584	Tpos:99.6,Tstd:51.9,Bpos:100.1,Bstd:55.6,StrandBias:0.0,Multiplicity:1.11
0.927	0.015	0.020	0.038
0.833	0.007	0.055	0.105
0.043	0.093	0.851	0.013
0.854	0.001	0.136	0.009
0.001	0.002	0.996	0.001
0.001	0.001	0.997	0.001
0.997	0.001	0.001	0.001
0.990	0.002	0.001	0.007
0.035	0.093	0.871	0.001
0.018	0.053	0.017	0.912
>WVAGGAARTR	2-WVAGGAARTR	6.923457	-927.830981	0	T:8975.0(24.79%),B:10082.9(15.99%),P:1e-402	Tpos:101.0,Tstd:55.1,Bpos:100.4,Bstd:56.5,StrandBias:-0.0,Multiplicity:1.11
0.402	0.078	0.251	0.269
0.289	0.351	0.339	0.020
0.745	0.001	0.253	0.001
0.018	0.009	0.972	0.001
0.001	0.001	0.997	0.001
0.997	0.001	0.001	0.001
0.748	0.128	0.001	0.123
0.323	0.208	0.468	0.001
0.001	0.338	0.031	0.630
0.379	0.212	0.268	0.141
>CACTAGGGGG	3-CACTAGGGGG	8.681082	-337.652305	0	T:836.0(2.31%),B:514.3(0.82%),P:1e-146	Tpos:101.1,Tstd:47.9,Bpos:101.1,Bstd:54.4,StrandBias:0.1,Multiplicity:1.02
0.001	0.991	0.007	0.001
0.933	0.018	0.001	0.048
0.003	0.974	0.015	0.008
0.057	0.195	0.023	0.725
0.997	0.001	0.001	0.001
0.001	0.009	0.989	0.001
0.233	0.001	0.747	0.019
0.014	0.001	0.832	0.153
0.001	0.001	0.997	0.001
0.001	0.001	0.974	0.024
>GTTCCYGTTT	4-GTTCCYGTTT	8.570641	-310.077151	0	T:926.0(2.56%),B:635.3(1.01%),P:1e-134	Tpos:101.7,Tstd:55.7,Bpos:100.4,Bstd:61.4,StrandBias:0.2,Multiplicity:1.01
0.001	0.261	0.601	0.137
0.225	0.001	0.001	0.773
0.011	0.001	0.098	0.890
0.017	0.956	0.026	0.001
0.001	0.764	0.148	0.087
0.001	0.431	0.247	0.321
0.112	0.190	0.458	0.240
0.027	0.150	0.141	0.682
0.001	0.107	0.103	0.789
0.024	0.114	0.001	0.861
>TTTCACTTCC	5-TTTCACTTCC	10.233546	-268.999800	0	T:722.0(1.99%),B:466.7(0.74%),P:1e-116	Tpos:96.9,Tstd:51.0,Bpos:99.0,Bstd:56.1,StrandBias:-0.1,Multiplicity:1.01
0.018	0.001	0.001	0.980
0.017	0.062	0.009	0.912
0.006	0.001	0.001	0.992
0.016	0.969	0.001	0.014
0.987	0.001	0.011	0.001
0.058	0.657	0.068	0.217
0.019	0.001	0.012	0.968
0.026	0.009	0.001	0.964
0.008	0.876	0.001	0.115
0.001	0.857	0.009	0.133
>AAATGCGGAA	6-AAATGCGGAA	7.499384	-189.931481	0	T:1345.0(3.72%),B:1327.6(2.11%),P:1e-82	Tpos:100.0,Tstd:54.2,Bpos:99.6,Bstd:58.1,StrandBias:0.2,Multiplicity:1.02
0.899	0.022	0.020	0.059
0.659	0.085	0.246	0.010
0.726	0.134	0.067	0.073
0.206	0.076	0.058	0.660
0.151	0.057	0.743	0.049
0.078	0.753	0.158	0.011
0.202	0.121	0.667	0.010
0.150	0.149	0.668	0.033
0.615	0.178	0.123	0.084
0.652	0.055	0.129	0.164
>WWDHHNNCGN	7-WWDHHNNCGN	4.677314	-188.488051	0	T:12702.0(35.08%),B:19158.9(30.38%),P:1e-81	Tpos:99.5,Tstd:54.6,Bpos:99.7,Bstd:61.1,StrandBias:-0.0,Multiplicity:1.38
0.520	0.001	0.001	0.478
0.472	0.001	0.001	0.526
0.321	0.075	0.305	0.299
0.340	0.331	0.038	0.290
0.362	0.271	0.039	0.328
0.295	0.231	0.212	0.262
0.247	0.287	0.214	0.252
0.001	0.997	0.001	0.001
0.001	0.001	0.997	0.001
0.265	0.221	0.232	0.281
>AAGCAGAAGT	8-AAGCAGAAGT	9.818367	-175.993023	0	T:577.0(1.59%),B:416.0(0.66%),P:1e-76	Tpos:100.8,Tstd:51.0,Bpos:99.6,Bstd:56.6,StrandBias:0.1,Multiplicity:1.03
0.921	0.001	0.001	0.077
0.669	0.001	0.001	0.329
0.289	0.001	0.642	0.068
0.001	0.690	0.308	0.001
0.913	0.085	0.001	0.001
0.001	0.001	0.913	0.085
0.997	0.001	0.001	0.001
0.694	0.192	0.001	0.113
0.001	0.231	0.767	0.001
0.005	0.149	0.124	0.722
>TGMCACCYGB	9-TGMCACCYGB	6.635727	-165.357380	0	T:1928.0(5.33%),B:2185.3(3.46%),P:1e-71	Tpos:99.1,Tstd:53.9,Bpos:101.1,Bstd:55.9,StrandBias:0.1,Multiplicity:1.04
0.320	0.014	0.009	0.657
0.315	0.001	0.678	0.006
0.295	0.390	0.135	0.180
0.009	0.983	0.002	0.006
0.529	0.179	0.287	0.005
0.006	0.478	0.196	0.320
0.006	0.669	0.312	0.013
0.166	0.282	0.149	0.403
0.252	0.221	0.518	0.009
0.004	0.384	0.340	0.272
>GCACCTGYHG	10-GCACCTGYHG	8.921428	-121.712270	0	T:1462.0(4.04%),B:1667.5(2.64%),P:1e-52	Tpos:101.5,Tstd:54.3,Bpos:102.4,Bstd:56.9,StrandBias:0.1,Multiplicity:1.05
0.300	0.001	0.698	0.001
0.001	0.997	0.001	0.001
0.997	0.001	0.001	0.001
0.001	0.997	0.001	0.001
0.001	0.997	0.001	0.001
0.153	0.001	0.001	0.845
0.001	0.091	0.907	0.001
0.001	0.309	0.268	0.421
0.229	0.263	0.167	0.341
0.191	0.304	0.504	0.001
>AGCGCCMCCT	11-AGCGCCMCCT	8.009134	-113.129637	0	T:705.0(1.95%),B:667.9(1.06%),P:1e-49	Tpos:105.9,Tstd:53.3,Bpos:100.6,Bstd:61.0,StrandBias:-0.0,Multiplicity:1.01
0.641	0.033	0.043	0.283
0.055	0.308	0.582	0.055
0.049	0.789	0.048	0.114
0.320	0.030	0.618	0.032
0.034	0.825	0.073	0.068
0.075	0.820	0.054	0.051
0.382	0.518	0.066	0.034
0.016	0.585	0.038	0.361
0.209	0.517	0.227	0.047
0.327	0.104	0.022	0.547
>CGTTTCACTN	12-CGTTTCACTN	7.078661	-96.175347	0	T:215.0(0.59%),B:125.9(0.20%),P:1e-41	Tpos:101.1,Tstd:53.4,Bpos:102.1,Bstd:57.1,StrandBias:0.3,Multiplicity:1.01
0.230	0.422	0.227	0.121
0.007	0.025	0.950	0.018
0.083	0.126	0.126	0.665
0.135	0.110	0.215	0.540
0.233	0.118	0.125	0.524
0.154	0.610	0.103	0.133
0.540	0.081	0.264	0.115
0.038	0.667	0.182	0.113
0.172	0.098	0.212	0.518
0.247	0.240	0.192	0.322
>ATTTGCATAT	13-ATTTGCATAT	8.604237	-89.674301	0	T:644.0(1.78%),B:639.3(1.01%),P:1e-38	Tpos:98.2,Tstd:52.9,Bpos:99.1,Bstd:54.6,StrandBias:-0.2,Multiplicity:1.03
0.866	0.027	0.071	0.036
0.001	0.001	0.018	0.980
0.001	0.001	0.001	0.997
0.001	0.006	0.027	0.966
0.001	0.001	0.997	0.001
0.081	0.904	0.014	0.001
0.997	0.001	0.001	0.001
0.001	0.001	0.001	0.997
0.796	0.032	0.096	0.076
0.074	0.223	0.148	0.555
>GGRNYCCCCN	14-GGRNYCCCCN	6.015367	-73.012946	0	T:5336.0(14.74%),B:7966.1(12.63%),P:1e-31	Tpos:100.7,Tstd:55.2,Bpos:100.2,Bstd:58.8,StrandBias:-0.0,Multiplicity:1.22
0.003	0.214	0.782	0.001
0.014	0.202	0.591	0.193
0.250	0.232	0.397	0.122
0.262	0.208	0.322	0.209
0.178	0.387	0.158	0.278
0.001	0.608	0.242	0.149
0.013	0.949	0.037	0.001
0.001	0.997	0.001	0.001
0.052	0.475	0.258	0.214
0.235	0.305	0.167	0.293
>BYTTWTTTWW	15-BYTTWTTTWW	5.676340	-65.360520	0	T:5542.0(15.31%),B:8375.6(13.28%),P:1e-28	Tpos:100.0,Tstd:54.1,Bpos:98.9,Bstd:63.5,StrandBias:0.1,Multiplicity:1.18
0.016	0.315	0.324	0.346
0.191	0.349	0.038	0.422
0.329	0.038	0.043	0.590
0.338	0.037	0.038	0.587
0.351	0.146	0.034	0.469
0.347	0.082	0.049	0.522
0.161	0.177	0.039	0.623
0.296	0.104	0.042	0.558
0.379	0.205	0.030	0.386
0.389	0.222	0.036	0.353
>ACGCATCACT	16-ACGCATCACT	9.754985	-53.168623	0	T:131.0(0.36%),B:82.1(0.13%),P:1e-23	Tpos:102.4,Tstd:55.0,Bpos:80.2,Bstd:48.2,StrandBias:-0.3,Multiplicity:1.00
0.891	0.001	0.023	0.085
0.082	0.846	0.021	0.051
0.001	0.001	0.997	0.001
0.040	0.958	0.001	0.001
0.928	0.063	0.008	0.001
0.085	0.017	0.065	0.833
0.008	0.990	0.001	0.001
0.884	0.001	0.041	0.074
0.001	0.950	0.008	0.041
0.078	0.062	0.009	0.851
>GTGAACTCGG	17-GTGAACTCGG	10.296193	-36.765202	0	T:15.0(0.04%),B:1.0(0.00%),P:1e-15	Tpos:101.8,Tstd:59.6,Bpos:121.0,Bstd:0.0,StrandBias:0.0,Multiplicity:1.20
0.100	0.100	0.700	0.100
0.100	0.100	0.100	0.700
0.100	0.100	0.700	0.100
0.700	0.100	0.100	0.100
0.700	0.100	0.100	0.100
0.100	0.700	0.100	0.100
0.100	0.100	0.100	0.700
0.100	0.700	0.100	0.100
0.100	0.100	0.700	0.100
0.100	0.100	0.700	0.100
>TCGCTGGGTT	18-TCGCTGGGTT	13.701227	-30.302002	0	T:13.0(0.04%),B:1.7(0.00%),P:1e-13	Tpos:101.8,Tstd:55.4,Bpos:112.7,Bstd:48.8,StrandBias:0.2,Multiplicity:1.00
0.001	0.001	0.001	0.997
0.001	0.997	0.001	0.001
0.001	0.001	0.997	0.001
0.124	0.874	0.001	0.001
0.001	0.001	0.001	0.997
0.001	0.001	0.997	0.001
0.001	0.001	0.997	0.001
0.001	0.001	0.997	0.001
0.001	0.001	0.001	0.997
0.001	0.001	0.001	0.997
>AGGTGGTTAA	19-AGGTGGTTAA	12.361869	-29.085481	0	T:39.0(0.11%),B:16.8(0.03%),P:1e-12	Tpos:107.4,Tstd:54.0,Bpos:101.3,Bstd:38.3,StrandBias:0.1,Multiplicity:1.00
0.997	0.001	0.001	0.001
0.001	0.001	0.997	0.001
0.001	0.001	0.997	0.001
0.001	0.001	0.001	0.997
0.001	0.001	0.997	0.001
0.001	0.001	0.997	0.001
0.229	0.001	0.001	0.769
0.001	0.001	0.001	0.997
0.997	0.001	0.001	0.001
0.997	0.001	0.001	0.001
>AACGCACCCT	20-AACGCACCCT	11.748428	-25.724794	0	T:19.0(0.05%),B:4.3(0.01%),P:1e-11	Tpos:107.8,Tstd:53.7,Bpos:131.9,Bstd:34.5,StrandBias:0.5,Multiplicity:1.00
0.997	0.001	0.001	0.001
0.997	0.001	0.001	0.001
0.001	0.997	0.001	0.001
0.001	0.001	0.997	0.001
0.001	0.997	0.001	0.001
0.997	0.001	0.001	0.001
0.001	0.997	0.001	0.001
0.001	0.997	0.001	0.001
0.001	0.874	0.124	0.001
0.001	0.001	0.001	0.997
>AGCCCGCGTT	21-AGCCCGCGTT	10.296193	-24.328780	0	T:14.0(0.04%),B:3.0(0.00%),P:1e-10	Tpos:85.4,Tstd:55.0,Bpos:59.1,Bstd:64.2,StrandBias:-0.7,Multiplicity:1.08
0.700	0.100	0.100	0.100
0.100	0.100	0.700	0.100
0.100	0.700	0.100	0.100
0.100	0.700	0.100	0.100
0.100	0.700	0.100	0.100
0.100	0.100	0.700	0.100
0.100	0.700	0.100	0.100
0.100	0.100	0.700	0.100
0.100	0.100	0.100	0.700
0.100	0.100	0.100	0.700
>CACCTTGCGG	22-CACCTTGCGG	10.296193	-21.537437	0	T:17.0(0.05%),B:4.4(0.01%),P:1e-9	Tpos:91.4,Tstd:68.6,Bpos:131.1,Bstd:52.3,StrandBias:0.7,Multiplicity:1.00
0.100	0.700	0.100	0.100
0.700	0.100	0.100	0.100
0.100	0.700	0.100	0.100
0.100	0.700	0.100	0.100
0.100	0.100	0.100	0.700
0.100	0.100	0.100	0.700
0.100	0.100	0.700	0.100
0.100	0.700	0.100	0.100
0.100	0.100	0.700	0.100
0.100	0.100	0.700	0.100
>ATCAAATCTA	23-ATCAAATCTA	10.295443	-21.335029	0	T:26.0(0.07%),B:10.8(0.02%),P:1e-9	Tpos:96.0,Tstd:57.3,Bpos:101.4,Bstd:43.5,StrandBias:-0.3,Multiplicity:1.00
0.997	0.001	0.001	0.001
0.001	0.001	0.001	0.997
0.001	0.997	0.001	0.001
0.997	0.001	0.001	0.001
0.997	0.001	0.001	0.001
0.997	0.001	0.001	0.001
0.001	0.001	0.001	0.997
0.001	0.997	0.001	0.001
0.001	0.001	0.029	0.969
0.997	0.001	0.001	0.001
>ATATCAATAG	24-ATATCAATAG	10.296193	-11.491288	0	T:13.0(0.04%),B:5.6(0.01%),P:1e-4	Tpos:100.2,Tstd:45.5,Bpos:82.8,Bstd:51.5,StrandBias:-0.7,Multiplicity:1.00
0.700	0.100	0.100	0.100
0.100	0.100	0.100	0.700
0.700	0.100	0.100	0.100
0.100	0.100	0.100	0.700
0.100	0.700	0.100	0.100
0.700	0.100	0.100	0.100
0.700	0.100	0.100	0.100
0.100	0.100	0.100	0.700
0.700	0.100	0.100	0.100
0.100	0.100	0.700	0.100
>AGGAAGCGGC	25-AGGAAGCGGC	11.737367	-5.969907	0	T:63.0(0.17%),B:75.5(0.12%),P:1e-2	Tpos:99.9,Tstd:45.4,Bpos:105.8,Bstd:50.4,StrandBias:-0.1,Multiplicity:1.00
0.997	0.001	0.001	0.001
0.001	0.001	0.997	0.001
0.001	0.001	0.886	0.112
0.997	0.001	0.001	0.001
0.997	0.001	0.001	0.001
0.138	0.001	0.860	0.001
0.001	0.997	0.001	0.001
0.001	0.001	0.997	0.001
0.001	0.001	0.997	0.001
0.001	0.997	0.001	0.001
