>ACTTCCTCTTTY	1-ACTTCCTCTTTY	9.357891	-1319.094824	0	T:2256.0(6.23%),B:1081.3(1.71%),P:1e-572	Tpos:98.8,Tstd:49.8,Bpos:99.6,Bstd:55.8,StrandBias:0.1,Multiplicity:1.06
0.673	0.051	0.183	0.093
0.009	0.663	0.202	0.126
0.024	0.001	0.002	0.973
0.003	0.003	0.009	0.985
0.003	0.973	0.005	0.019
0.005	0.839	0.002	0.154
0.011	0.276	0.076	0.637
0.032	0.607	0.158	0.203
0.172	0.103	0.008	0.717
0.057	0.030	0.033	0.880
0.087	0.161	0.069	0.683
0.147	0.306	0.118	0.428
>AARGAGGAASTR	2-AARGAGGAASTR	7.143643	-1009.651436	0	T:6686.0(18.47%),B:6659.2(10.56%),P:1e-438	Tpos:100.5,Tstd:53.8,Bpos:100.2,Bstd:55.2,StrandBias:0.0,Multiplicity:1.11
0.418	0.108	0.267	0.207
0.433	0.076	0.281	0.210
0.432	0.070	0.283	0.215
0.234	0.185	0.502	0.079
0.748	0.017	0.185	0.050
0.031	0.006	0.942	0.021
0.039	0.015	0.926	0.020
0.925	0.033	0.022	0.020
0.895	0.011	0.044	0.050
0.100	0.407	0.449	0.044
0.136	0.188	0.067	0.609
0.354	0.102	0.362	0.182
>CCACYAGRKGGC	3-CCACYAGRKGGC	10.824353	-686.155678	0	T:708.0(1.96%),B:206.8(0.33%),P:1e-297	Tpos:98.4,Tstd:43.6,Bpos:112.0,Bstd:54.9,StrandBias:0.2,Multiplicity:1.01
0.102	0.821	0.044	0.033
0.001	0.997	0.001	0.001
0.845	0.001	0.031	0.123
0.018	0.756	0.225	0.001
0.133	0.353	0.043	0.471
0.884	0.012	0.018	0.086
0.001	0.001	0.997	0.001
0.506	0.001	0.492	0.001
0.001	0.001	0.566	0.432
0.001	0.001	0.997	0.001
0.001	0.001	0.887	0.111
0.235	0.648	0.001	0.116
>GTTTCACTTCCT	4-GTTTCACTTCCT	10.003312	-369.688536	0	T:876.0(2.42%),B:524.2(0.83%),P:1e-160	Tpos:100.4,Tstd:51.6,Bpos:99.8,Bstd:56.1,StrandBias:0.1,Multiplicity:1.02
0.259	0.168	0.414	0.159
0.121	0.088	0.020	0.771
0.038	0.154	0.115	0.693
0.005	0.037	0.001	0.957
0.078	0.825	0.044	0.053
0.975	0.001	0.001	0.023
0.061	0.662	0.098	0.179
0.042	0.001	0.001	0.956
0.023	0.001	0.001	0.975
0.001	0.821	0.001	0.177
0.009	0.887	0.001	0.103
0.085	0.168	0.001	0.746
>CACCAGGTGGCA	5-CACCAGGTGGCA	9.806753	-314.658819	0	T:660.0(1.82%),B:364.2(0.58%),P:1e-136	Tpos:98.2,Tstd:52.7,Bpos:103.3,Bstd:58.8,StrandBias:0.0,Multiplicity:1.02
0.034	0.876	0.072	0.018
0.659	0.061	0.132	0.148
0.047	0.688	0.230	0.035
0.029	0.765	0.093	0.113
0.828	0.031	0.035	0.106
0.024	0.008	0.967	0.001
0.021	0.011	0.965	0.003
0.090	0.022	0.183	0.705
0.001	0.006	0.934	0.059
0.078	0.039	0.835	0.048
0.001	0.960	0.003	0.036
0.830	0.024	0.126	0.020
>HACTTCTGCTTT	6-HACTTCTGCTTT	11.406323	-228.517117	0	T:312.0(0.86%),B:122.5(0.19%),P:1e-99	Tpos:102.5,Tstd:52.1,Bpos:100.5,Bstd:58.7,StrandBias:-0.1,Multiplicity:1.02
0.305	0.272	0.146	0.277
0.822	0.001	0.176	0.001
0.001	0.704	0.161	0.134
0.067	0.001	0.001	0.931
0.001	0.001	0.001	0.997
0.001	0.997	0.001	0.001
0.001	0.001	0.001	0.997
0.001	0.310	0.688	0.001
0.033	0.657	0.047	0.263
0.205	0.019	0.001	0.775
0.036	0.001	0.001	0.962
0.001	0.076	0.001	0.922
>ACAGGAAACCAC	7-ACAGGAAACCAC	9.107962	-121.829817	0	T:878.0(2.43%),B:871.5(1.38%),P:1e-52	Tpos:99.6,Tstd:53.4,Bpos:99.3,Bstd:56.5,StrandBias:-0.0,Multiplicity:1.01
0.796	0.027	0.136	0.041
0.117	0.739	0.115	0.029
0.941	0.003	0.005	0.051
0.047	0.001	0.928	0.024
0.057	0.018	0.917	0.008
0.947	0.028	0.024	0.001
0.984	0.001	0.014	0.001
0.820	0.040	0.137	0.003
0.001	0.869	0.030	0.100
0.215	0.756	0.003	0.026
0.677	0.121	0.121	0.081
0.127	0.628	0.128	0.117
>AGAGGGCGCTAA	8-AGAGGGCGCTAA	11.182183	-95.355509	0	T:37.0(0.10%),B:3.0(0.00%),P:1e-41	Tpos:99.8,Tstd:54.3,Bpos:123.0,Bstd:0.0,StrandBias:1.0,Multiplicity:1.00
0.933	0.005	0.046	0.016
0.030	0.152	0.797	0.021
0.699	0.065	0.129	0.107
0.022	0.016	0.946	0.016
0.161	0.010	0.828	0.001
0.021	0.021	0.915	0.043
0.027	0.732	0.021	0.220
0.139	0.016	0.657	0.188
0.069	0.789	0.055	0.087
0.216	0.011	0.025	0.748
0.682	0.127	0.175	0.016
0.679	0.199	0.016	0.106
>NNAACGAAATNR	9-NNAACGAAATNR	4.596229	-70.597244	0	T:5962.0(16.47%),B:9013.2(14.29%),P:1e-30	Tpos:99.0,Tstd:53.9,Bpos:99.9,Bstd:61.1,StrandBias:0.0,Multiplicity:1.12
0.299	0.201	0.282	0.219
0.258	0.230	0.198	0.315
0.693	0.084	0.077	0.146
0.633	0.109	0.126	0.132
0.009	0.946	0.034	0.011
0.012	0.035	0.898	0.055
0.650	0.095	0.120	0.135
0.677	0.095	0.090	0.138
0.710	0.097	0.093	0.100
0.133	0.126	0.170	0.571
0.260	0.207	0.284	0.249
0.241	0.184	0.364	0.211
>TGCAMTMGTTTA	10-TGCAMTMGTTTA	10.328817	-68.800059	0	T:33.0(0.09%),B:3.7(0.01%),P:1e-29	Tpos:101.3,Tstd:54.5,Bpos:145.6,Bstd:17.4,StrandBias:0.0,Multiplicity:1.03
0.023	0.039	0.028	0.910
0.046	0.339	0.571	0.044
0.250	0.681	0.030	0.039
0.687	0.051	0.019	0.243
0.322	0.422	0.218	0.038
0.293	0.040	0.027	0.640
0.434	0.494	0.029	0.042
0.026	0.032	0.637	0.305
0.025	0.023	0.028	0.924
0.019	0.032	0.021	0.928
0.360	0.030	0.025	0.585
0.524	0.050	0.176	0.250
>TGATATGCAAAT	11-TGATATGCAAAT	7.029548	-59.632987	0	T:743.0(2.05%),B:856.5(1.36%),P:1e-25	Tpos:99.8,Tstd:55.1,Bpos:97.8,Bstd:54.9,StrandBias:-0.1,Multiplicity:1.02
0.216	0.094	0.171	0.519
0.179	0.160	0.492	0.168
0.569	0.146	0.119	0.166
0.198	0.137	0.144	0.521
0.513	0.156	0.134	0.197
0.174	0.020	0.129	0.677
0.147	0.090	0.610	0.153
0.188	0.532	0.147	0.133
0.776	0.102	0.025	0.097
0.593	0.137	0.149	0.121
0.672	0.139	0.121	0.068
0.217	0.135	0.157	0.491
>TTTTTTYTTTTW	12-TTTTTTYTTTTW	9.054074	-58.069653	0	T:2836.0(7.83%),B:4061.8(6.44%),P:1e-25	Tpos:100.2,Tstd:54.5,Bpos:100.6,Bstd:63.0,StrandBias:0.1,Multiplicity:1.04
0.255	0.001	0.001	0.743
0.001	0.001	0.001	0.997
0.001	0.082	0.182	0.735
0.001	0.227	0.020	0.752
0.003	0.135	0.001	0.861
0.218	0.090	0.057	0.635
0.179	0.419	0.022	0.380
0.172	0.072	0.061	0.695
0.114	0.132	0.001	0.753
0.133	0.038	0.001	0.828
0.001	0.001	0.001	0.997
0.479	0.001	0.119	0.401
>CGTTTTTTTTTT	13-CGTTTTTTTTTT	7.142521	-54.051063	0	T:4003.0(11.06%),B:5971.9(9.47%),P:1e-23	Tpos:99.5,Tstd:53.4,Bpos:99.5,Bstd:62.9,StrandBias:0.2,Multiplicity:1.12
0.114	0.594	0.142	0.150
0.140	0.129	0.588	0.143
0.078	0.083	0.082	0.757
0.061	0.063	0.078	0.798
0.073	0.067	0.064	0.796
0.074	0.081	0.069	0.776
0.082	0.069	0.072	0.777
0.077	0.079	0.076	0.768
0.072	0.078	0.075	0.775
0.073	0.072	0.064	0.791
0.060	0.087	0.061	0.792
0.073	0.080	0.062	0.785
>GCTACGTTGCTT	14-GCTACGTTGCTT	11.128211	-52.578334	0	T:24.0(0.07%),B:2.9(0.00%),P:1e-22	Tpos:79.8,Tstd:50.3,Bpos:50.2,Bstd:22.8,StrandBias:0.0,Multiplicity:1.00
0.022	0.054	0.881	0.043
0.023	0.912	0.043	0.022
0.065	0.066	0.033	0.836
0.753	0.137	0.109	0.001
0.137	0.748	0.043	0.072
0.046	0.033	0.881	0.040
0.033	0.033	0.033	0.901
0.076	0.044	0.204	0.676
0.043	0.091	0.843	0.023
0.023	0.922	0.033	0.022
0.094	0.033	0.043	0.830
0.065	0.043	0.065	0.827
>TGGGTAAATCTC	15-TGGGTAAATCTC	11.160766	-50.068610	0	T:52.0(0.14%),B:16.7(0.03%),P:1e-21	Tpos:108.0,Tstd:47.7,Bpos:76.0,Bstd:53.3,StrandBias:0.3,Multiplicity:1.00
0.045	0.039	0.079	0.837
0.063	0.039	0.865	0.033
0.086	0.026	0.819	0.069
0.050	0.039	0.859	0.052
0.049	0.030	0.142	0.779
0.898	0.019	0.057	0.026
0.893	0.043	0.032	0.032
0.888	0.046	0.026	0.040
0.152	0.039	0.090	0.719
0.085	0.842	0.060	0.013
0.073	0.046	0.006	0.875
0.052	0.734	0.171	0.043
>CCCCCNSCCCCC	16-CCCCCNSCCCCC	7.464500	-49.180641	0	T:6170.0(17.04%),B:9588.2(15.20%),P:1e-21	Tpos:100.1,Tstd:54.3,Bpos:97.8,Bstd:58.8,StrandBias:-0.1,Multiplicity:1.39
0.079	0.785	0.076	0.060
0.063	0.829	0.049	0.059
0.077	0.817	0.050	0.056
0.047	0.805	0.073	0.075
0.079	0.843	0.075	0.003
0.293	0.226	0.250	0.230
0.047	0.498	0.412	0.044
0.089	0.767	0.073	0.071
0.082	0.824	0.049	0.045
0.065	0.805	0.072	0.058
0.082	0.804	0.059	0.055
0.085	0.784	0.077	0.054
>CGCGTGAGAACT	17-CGCGTGAGAACT	8.258746	-46.535644	0	T:22.0(0.06%),B:2.6(0.00%),P:1e-20	Tpos:112.0,Tstd:52.7,Bpos:126.0,Bstd:63.2,StrandBias:-0.8,Multiplicity:1.00
0.092	0.520	0.165	0.223
0.225	0.176	0.503	0.096
0.141	0.564	0.269	0.026
0.143	0.034	0.553	0.270
0.017	0.017	0.319	0.647
0.150	0.176	0.484	0.190
0.648	0.027	0.200	0.125
0.128	0.025	0.743	0.104
0.592	0.242	0.147	0.019
0.549	0.277	0.022	0.152
0.227	0.526	0.158	0.089
0.158	0.222	0.163	0.456
>CCAGCCTCCCCG	18-CCAGCCTCCCCG	12.441920	-46.075375	0	T:25.0(0.07%),B:3.9(0.01%),P:1e-20	Tpos:115.0,Tstd:57.2,Bpos:117.7,Bstd:28.3,StrandBias:-0.8,Multiplicity:1.00
0.001	0.997	0.001	0.001
0.001	0.980	0.001	0.018
0.997	0.001	0.001	0.001
0.001	0.001	0.997	0.001
0.001	0.997	0.001	0.001
0.134	0.864	0.001	0.001
0.001	0.001	0.001	0.997
0.001	0.997	0.001	0.001
0.001	0.997	0.001	0.001
0.001	0.997	0.001	0.001
0.001	0.997	0.001	0.001
0.001	0.001	0.997	0.001
>TGGCTACGCATC	19-TGGCTACGCATC	10.438402	-40.758501	0	T:23.0(0.06%),B:3.5(0.01%),P:1e-17	Tpos:86.4,Tstd:54.6,Bpos:44.9,Bstd:17.8,StrandBias:-0.1,Multiplicity:1.00
0.058	0.029	0.059	0.854
0.029	0.029	0.870	0.072
0.043	0.074	0.788	0.095
0.029	0.832	0.125	0.014
0.014	0.031	0.072	0.883
0.840	0.043	0.086	0.031
0.069	0.785	0.074	0.072
0.096	0.058	0.803	0.043
0.101	0.784	0.072	0.043
0.868	0.031	0.058	0.043
0.043	0.029	0.045	0.883
0.086	0.828	0.072	0.014
>TGACGCCCTACA	20-TGACGCCCTACA	10.551127	-38.162682	0	T:22.0(0.06%),B:3.8(0.01%),P:1e-16	Tpos:104.5,Tstd:55.6,Bpos:79.4,Bstd:6.7,StrandBias:0.5,Multiplicity:1.10
0.072	0.030	0.052	0.846
0.023	0.045	0.901	0.031
0.762	0.080	0.121	0.037
0.072	0.773	0.038	0.117
0.052	0.067	0.780	0.101
0.037	0.844	0.067	0.052
0.035	0.905	0.015	0.045
0.022	0.913	0.015	0.050
0.067	0.099	0.045	0.789
0.786	0.095	0.067	0.052
0.095	0.803	0.050	0.052
0.911	0.052	0.015	0.022
>GGATCGGCCTAG	21-GGATCGGCCTAG	10.068500	-37.041187	0	T:24.0(0.07%),B:4.5(0.01%),P:1e-16	Tpos:87.9,Tstd:52.4,Bpos:73.5,Bstd:38.8,StrandBias:-0.2,Multiplicity:1.00
0.164	0.065	0.753	0.018
0.113	0.085	0.741	0.061
0.679	0.102	0.133	0.086
0.082	0.132	0.101	0.685
0.164	0.709	0.110	0.017
0.081	0.125	0.681	0.113
0.042	0.126	0.619	0.213
0.034	0.864	0.064	0.038
0.077	0.744	0.053	0.126
0.093	0.192	0.121	0.594
0.756	0.122	0.053	0.069
0.021	0.016	0.947	0.016
>TCGAAGCATCGG	22-TCGAAGCATCGG	10.921145	-33.105565	0	T:20.0(0.06%),B:3.6(0.01%),P:1e-14	Tpos:96.5,Tstd:57.7,Bpos:136.3,Bstd:13.7,StrandBias:0.6,Multiplicity:1.00
0.076	0.001	0.001	0.922
0.077	0.845	0.001	0.077
0.076	0.001	0.922	0.001
0.922	0.001	0.076	0.001
0.997	0.001	0.001	0.001
0.001	0.001	0.997	0.001
0.001	0.997	0.001	0.001
0.769	0.077	0.077	0.077
0.001	0.001	0.076	0.922
0.077	0.845	0.077	0.001
0.001	0.001	0.922	0.076
0.001	0.001	0.997	0.001
>CGGTCTATCTTT	23-CGGTCTATCTTT	10.409522	-26.904174	0	T:15.0(0.04%),B:2.9(0.00%),P:1e-11	Tpos:81.4,Tstd:51.0,Bpos:75.2,Bstd:68.8,StrandBias:0.2,Multiplicity:1.00
0.100	0.700	0.100	0.100
0.100	0.100	0.700	0.100
0.100	0.100	0.700	0.100
0.100	0.100	0.100	0.700
0.100	0.700	0.100	0.100
0.100	0.100	0.100	0.700
0.700	0.100	0.100	0.100
0.100	0.100	0.100	0.700
0.100	0.700	0.100	0.100
0.100	0.100	0.100	0.700
0.100	0.100	0.100	0.700
0.100	0.100	0.100	0.700
>CGCGTATGCAGG	24-CGCGTATGCAGG	8.697678	-21.537437	0	T:17.0(0.05%),B:4.1(0.01%),P:1e-9	Tpos:83.9,Tstd:60.4,Bpos:72.5,Bstd:35.6,StrandBias:0.7,Multiplicity:1.00
0.109	0.642	0.121	0.128
0.109	0.121	0.667	0.103
0.104	0.658	0.117	0.121
0.114	0.115	0.653	0.118
0.100	0.117	0.127	0.656
0.601	0.141	0.127	0.131
0.115	0.108	0.118	0.659
0.084	0.096	0.709	0.111
0.112	0.688	0.104	0.096
0.686	0.101	0.107	0.106
0.103	0.088	0.711	0.098
0.112	0.119	0.671	0.098
>CGTTACTGGCAC	25-CGTTACTGGCAC	10.726704	-20.871730	0	T:20.0(0.06%),B:6.9(0.01%),P:1e-9	Tpos:91.4,Tstd:48.5,Bpos:163.6,Bstd:33.5,StrandBias:0.0,Multiplicity:1.00
0.076	0.770	0.087	0.067
0.117	0.143	0.660	0.080
0.031	0.050	0.050	0.869
0.050	0.097	0.106	0.747
0.862	0.021	0.050	0.067
0.060	0.920	0.010	0.010
0.061	0.040	0.050	0.849
0.031	0.040	0.889	0.040
0.030	0.071	0.869	0.030
0.051	0.849	0.080	0.020
0.842	0.041	0.040	0.077
0.050	0.880	0.030	0.040
