>GAGGAAGT	1-GAGGAAGT	8.543145	-803.601502	0	T:3107.0(8.58%),B:2457.4(3.90%),P:1e-348	Tpos:100.9,Tstd:52.9,Bpos:101.4,Bstd:56.6,StrandBias:-0.0,Multiplicity:1.07
0.124	0.001	0.874	0.001
0.812	0.001	0.186	0.001
0.001	0.001	0.997	0.001
0.001	0.001	0.997	0.001
0.997	0.001	0.001	0.001
0.997	0.001	0.001	0.001
0.001	0.112	0.886	0.001
0.001	0.001	0.001	0.997
>TTCCTCTT	2-TTCCTCTT	8.251310	-625.113270	0	T:3783.0(10.45%),B:3588.3(5.69%),P:1e-271	Tpos:98.5,Tstd:52.6,Bpos:98.5,Bstd:58.2,StrandBias:0.0,Multiplicity:1.08
0.001	0.001	0.001	0.997
0.001	0.001	0.001	0.997
0.001	0.997	0.001	0.001
0.001	0.997	0.001	0.001
0.001	0.104	0.001	0.894
0.001	0.682	0.316	0.001
0.161	0.001	0.001	0.837
0.001	0.001	0.001	0.997
>KRYTTCCT	3-KRYTTCCT	7.012014	-590.476358	0	T:7817.0(21.59%),B:9360.8(14.84%),P:1e-256	Tpos:100.9,Tstd:55.6,Bpos:100.3,Bstd:57.0,StrandBias:0.0,Multiplicity:1.10
0.075	0.178	0.374	0.373
0.487	0.001	0.511	0.001
0.001	0.513	0.001	0.485
0.001	0.001	0.001	0.997
0.001	0.001	0.001	0.997
0.001	0.997	0.001	0.001
0.001	0.954	0.044	0.001
0.001	0.042	0.001	0.956
>ACTTCCCY	4-ACTTCCCY	6.440482	-510.097207	0	T:6238.0(17.23%),B:7285.8(11.55%),P:1e-221	Tpos:100.7,Tstd:54.5,Bpos:100.3,Bstd:56.6,StrandBias:0.0,Multiplicity:1.06
0.997	0.001	0.001	0.001
0.017	0.484	0.256	0.242
0.118	0.001	0.065	0.816
0.048	0.001	0.032	0.919
0.077	0.818	0.032	0.073
0.077	0.746	0.054	0.123
0.073	0.734	0.022	0.171
0.001	0.408	0.093	0.498
>CGAWTWRW	5-CGAWTWRW	0.702329	-172.946840	0	T:8703.0(24.04%),B:12662.7(20.08%),P:1e-75	Tpos:99.7,Tstd:55.2,Bpos:99.6,Bstd:61.7,StrandBias:0.0,Multiplicity:1.23
0.001	0.997	0.001	0.001
0.001	0.001	0.997	0.001
0.613	0.003	0.068	0.316
0.482	0.001	0.001	0.516
0.194	0.001	0.001	0.804
0.473	0.001	0.001	0.525
0.412	0.001	0.375	0.211
0.521	0.001	0.001	0.477
>DCGBTDWW	6-DCGBTDWW	-0.314398	-133.831453	0	T:16584.0(45.81%),B:26242.9(41.61%),P:1e-58	Tpos:99.5,Tstd:56.1,Bpos:100.1,Bstd:61.6,StrandBias:0.0,Multiplicity:1.44
0.372	0.001	0.377	0.251
0.001	0.997	0.001	0.001
0.001	0.001	0.997	0.001
0.001	0.373	0.290	0.335
0.001	0.001	0.001	0.997
0.302	0.001	0.355	0.342
0.273	0.151	0.206	0.370
0.569	0.001	0.001	0.429
>AGGTGGCA	7-AGGTGGCA	6.857355	-115.345330	0	T:4192.0(11.58%),B:5817.4(9.22%),P:1e-50	Tpos:99.6,Tstd:55.1,Bpos:100.7,Bstd:56.1,StrandBias:-0.1,Multiplicity:1.07
0.852	0.001	0.065	0.082
0.062	0.001	0.936	0.001
0.215	0.216	0.568	0.001
0.001	0.136	0.170	0.693
0.001	0.001	0.961	0.037
0.189	0.136	0.518	0.157
0.001	0.997	0.001	0.001
0.808	0.001	0.190	0.001
>ACCAGGTG	8-ACCAGGTG	6.663586	-114.897983	0	T:4871.0(13.45%),B:6893.5(10.93%),P:1e-49	Tpos:100.0,Tstd:55.3,Bpos:101.2,Bstd:56.9,StrandBias:0.0,Multiplicity:1.12
0.704	0.110	0.137	0.049
0.052	0.784	0.148	0.016
0.015	0.944	0.001	0.040
0.907	0.019	0.010	0.064
0.001	0.001	0.997	0.001
0.001	0.021	0.977	0.001
0.001	0.035	0.081	0.883
0.001	0.001	0.997	0.001
>TTTCACGT	9-TTTCACGT	7.379633	-100.739944	0	T:1452.0(4.01%),B:1724.2(2.73%),P:1e-43	Tpos:101.4,Tstd:54.1,Bpos:101.4,Bstd:61.6,StrandBias:0.1,Multiplicity:1.02
0.071	0.001	0.001	0.927
0.001	0.032	0.001	0.966
0.037	0.001	0.001	0.961
0.021	0.918	0.060	0.001
0.795	0.083	0.061	0.061
0.001	0.997	0.001	0.001
0.001	0.001	0.632	0.366
0.001	0.094	0.098	0.807
>AAGCAGAA	10-AAGCAGAA	6.465555	-86.186752	0	T:1408.0(3.89%),B:1715.3(2.72%),P:1e-37	Tpos:102.4,Tstd:54.7,Bpos:101.4,Bstd:58.9,StrandBias:0.1,Multiplicity:1.03
0.997	0.001	0.001	0.001
0.842	0.001	0.001	0.156
0.001	0.001	0.997	0.001
0.001	0.997	0.001	0.001
0.934	0.064	0.001	0.001
0.001	0.001	0.997	0.001
0.997	0.001	0.001	0.001
0.997	0.001	0.001	0.001
>CAGATGGC	11-CAGATGGC	7.197524	-74.023513	0	T:2123.0(5.86%),B:2844.6(4.51%),P:1e-32	Tpos:98.7,Tstd:55.5,Bpos:101.6,Bstd:57.1,StrandBias:0.0,Multiplicity:1.03
0.001	0.790	0.001	0.208
0.894	0.001	0.104	0.001
0.039	0.126	0.834	0.001
0.873	0.001	0.049	0.077
0.001	0.290	0.189	0.520
0.149	0.001	0.849	0.001
0.262	0.001	0.736	0.001
0.001	0.831	0.092	0.076
>ATGCAAAT	12-ATGCAAAT	9.503901	-73.586942	0	T:887.0(2.45%),B:1013.7(1.61%),P:1e-31	Tpos:97.0,Tstd:53.4,Bpos:98.3,Bstd:57.4,StrandBias:0.1,Multiplicity:1.04
0.997	0.001	0.001	0.001
0.001	0.001	0.001	0.997
0.001	0.001	0.997	0.001
0.001	0.997	0.001	0.001
0.997	0.001	0.001	0.001
0.997	0.001	0.001	0.001
0.997	0.001	0.001	0.001
0.209	0.001	0.001	0.789
>GGGCCCCC	13-GGGCCCCC	7.504708	-72.978554	0	T:2737.0(7.56%),B:3802.1(6.03%),P:1e-31	Tpos:102.2,Tstd:55.9,Bpos:102.7,Bstd:59.2,StrandBias:0.0,Multiplicity:1.15
0.001	0.001	0.978	0.020
0.001	0.256	0.644	0.099
0.109	0.038	0.835	0.018
0.155	0.749	0.047	0.049
0.001	0.951	0.001	0.047
0.001	0.958	0.040	0.001
0.001	0.975	0.001	0.023
0.001	0.963	0.035	0.001
>TTWTTTTA	14-TTWTTTTA	4.596557	-72.093621	0	T:13837.0(38.22%),B:22236.6(35.26%),P:1e-31	Tpos:100.2,Tstd:55.0,Bpos:99.1,Bstd:62.4,StrandBias:0.0,Multiplicity:1.62
0.001	0.349	0.060	0.590
0.001	0.051	0.001	0.947
0.491	0.001	0.001	0.507
0.084	0.001	0.001	0.914
0.001	0.001	0.001	0.997
0.001	0.001	0.001	0.997
0.211	0.001	0.001	0.787
0.598	0.088	0.001	0.313
>GCACCTGT	15-GCACCTGT	9.409725	-71.959625	0	T:1573.0(4.34%),B:2020.9(3.20%),P:1e-31	Tpos:103.5,Tstd:55.1,Bpos:102.0,Bstd:59.3,StrandBias:0.0,Multiplicity:1.03
0.001	0.001	0.997	0.001
0.001	0.997	0.001	0.001
0.997	0.001	0.001	0.001
0.001	0.729	0.269	0.001
0.001	0.997	0.001	0.001
0.001	0.001	0.001	0.997
0.001	0.001	0.997	0.001
0.001	0.293	0.001	0.705
>CACTAGAG	16-CACTAGAG	9.266509	-70.552525	0	T:597.0(1.65%),B:623.7(0.99%),P:1e-30	Tpos:97.9,Tstd:51.9,Bpos:98.7,Bstd:55.5,StrandBias:-0.0,Multiplicity:1.00
0.001	0.997	0.001	0.001
0.997	0.001	0.001	0.001
0.001	0.997	0.001	0.001
0.001	0.001	0.001	0.997
0.997	0.001	0.001	0.001
0.001	0.001	0.997	0.001
0.708	0.071	0.220	0.001
0.001	0.001	0.747	0.251
>AAACCACA	17-AAACCACA	7.022191	-68.316694	0	T:1323.0(3.65%),B:1664.7(2.64%),P:1e-29	Tpos:98.7,Tstd:53.3,Bpos:100.7,Bstd:58.0,StrandBias:-0.0,Multiplicity:1.03
0.642	0.134	0.001	0.223
0.997	0.001	0.001	0.001
0.997	0.001	0.001	0.001
0.001	0.997	0.001	0.001
0.001	0.868	0.130	0.001
0.997	0.001	0.001	0.001
0.001	0.997	0.001	0.001
0.997	0.001	0.001	0.001
>CGTCATTA	18-CGTCATTA	6.260814	-58.836051	0	T:1282.0(3.54%),B:1646.1(2.61%),P:1e-25	Tpos:98.8,Tstd:56.1,Bpos:96.8,Bstd:60.2,StrandBias:0.0,Multiplicity:1.02
0.001	0.922	0.001	0.076
0.001	0.131	0.867	0.001
0.024	0.001	0.088	0.887
0.131	0.866	0.002	0.001
0.497	0.044	0.329	0.129
0.001	0.001	0.231	0.767
0.053	0.074	0.033	0.840
0.892	0.035	0.072	0.001
>TKATGCGT	19-TKATGCGT	6.494199	-57.474042	0	T:1147.0(3.17%),B:1451.8(2.30%),P:1e-24	Tpos:100.0,Tstd:55.8,Bpos:100.1,Bstd:58.9,StrandBias:-0.1,Multiplicity:1.02
0.283	0.057	0.076	0.584
0.193	0.001	0.388	0.419
0.896	0.083	0.001	0.020
0.099	0.001	0.001	0.899
0.001	0.104	0.872	0.023
0.001	0.961	0.001	0.037
0.170	0.001	0.828	0.001
0.010	0.063	0.257	0.670
>GGCAATCG	20-GGCAATCG	8.236954	-36.513330	0	T:53.0(0.15%),B:23.3(0.04%),P:1e-15	Tpos:95.5,Tstd:47.9,Bpos:74.6,Bstd:45.6,StrandBias:0.1,Multiplicity:1.00
0.100	0.100	0.700	0.100
0.100	0.100	0.700	0.100
0.100	0.700	0.100	0.100
0.700	0.100	0.100	0.100
0.700	0.100	0.100	0.100
0.100	0.100	0.100	0.700
0.100	0.700	0.100	0.100
0.100	0.100	0.700	0.100
>GCGTGTTT	21-GCGTGTTT	8.089057	-30.064150	0	T:430.0(1.19%),B:514.3(0.82%),P:1e-13	Tpos:99.3,Tstd:56.5,Bpos:91.5,Bstd:62.1,StrandBias:0.1,Multiplicity:1.02
0.001	0.001	0.997	0.001
0.001	0.997	0.001	0.001
0.001	0.001	0.997	0.001
0.001	0.001	0.001	0.997
0.001	0.268	0.730	0.001
0.001	0.001	0.001	0.997
0.001	0.194	0.001	0.804
0.086	0.001	0.001	0.912
>CGGAGATT	22-CGGAGATT	5.717439	-24.621359	0	T:372.0(1.03%),B:451.9(0.72%),P:1e-10	Tpos:101.4,Tstd:58.5,Bpos:99.6,Bstd:55.1,StrandBias:0.1,Multiplicity:1.00
0.001	0.997	0.001	0.001
0.001	0.001	0.997	0.001
0.001	0.001	0.997	0.001
0.977	0.001	0.001	0.021
0.001	0.001	0.997	0.001
0.997	0.001	0.001	0.001
0.001	0.001	0.001	0.997
0.225	0.227	0.001	0.547
>TCCCCCGA	23-TCCCCCGA	9.242971	-20.899632	0	T:335.0(0.93%),B:412.5(0.65%),P:1e-9	Tpos:97.6,Tstd:55.4,Bpos:98.1,Bstd:60.4,StrandBias:0.1,Multiplicity:1.01
0.001	0.001	0.001	0.997
0.001	0.997	0.001	0.001
0.161	0.837	0.001	0.001
0.001	0.997	0.001	0.001
0.001	0.997	0.001	0.001
0.001	0.997	0.001	0.001
0.001	0.001	0.997	0.001
0.997	0.001	0.001	0.001
>RCGAKYWA	24-RCGAKYWA	8.443832	-12.857369	0	T:149.0(0.41%),B:174.8(0.28%),P:1e-5	Tpos:93.6,Tstd:51.7,Bpos:102.8,Bstd:65.4,StrandBias:-0.7,Multiplicity:1.00
0.469	0.001	0.529	0.001
0.001	0.997	0.001	0.001
0.001	0.001	0.997	0.001
0.997	0.001	0.001	0.001
0.001	0.001	0.477	0.521
0.001	0.481	0.001	0.517
0.568	0.001	0.001	0.430
0.997	0.001	0.001	0.001
>AGCGGTAT	25-AGCGGTAT	8.319828	-6.420236	0	T:208.0(0.57%),B:293.4(0.47%),P:1e-2	Tpos:95.1,Tstd:62.2,Bpos:81.5,Bstd:57.8,StrandBias:-0.8,Multiplicity:1.00
0.517	0.171	0.001	0.311
0.179	0.001	0.622	0.198
0.001	0.997	0.001	0.001
0.001	0.001	0.997	0.001
0.001	0.001	0.997	0.001
0.001	0.001	0.001	0.997
0.687	0.001	0.311	0.001
0.001	0.001	0.001	0.997
