>AAGAGGAAGT	1-AAGAGGAAGT,BestGuess:Spi1/MA0080.7/Jaspar(0.930)	6.839979	-1346.048847	0	T:4593.0(12.69%),B:3465.7(5.50%),P:1e-584
0.927	0.015	0.020	0.038
0.833	0.007	0.055	0.105
0.043	0.093	0.851	0.013
0.854	0.001	0.136	0.009
0.001	0.002	0.996	0.001
0.001	0.001	0.997	0.001
0.997	0.001	0.001	0.001
0.990	0.002	0.001	0.007
0.035	0.093	0.871	0.001
0.018	0.053	0.017	0.912
>CCACYAGRKGGC	3-CCACYAGRKGGC,BestGuess:CTCF/MA0139.2/Jaspar(0.941)	10.824353	-686.155678	0	T:708.0(1.96%),B:206.8(0.33%),P:1e-297
0.102	0.821	0.044	0.033
0.001	0.997	0.001	0.001
0.845	0.001	0.031	0.123
0.018	0.756	0.225	0.001
0.133	0.353	0.043	0.471
0.884	0.012	0.018	0.086
0.001	0.001	0.997	0.001
0.506	0.001	0.492	0.001
0.001	0.001	0.566	0.432
0.001	0.001	0.997	0.001
0.001	0.001	0.887	0.111
0.235	0.648	0.001	0.116
>TTTCACTTCC	5-TTTCACTTCC,BestGuess:PU.1:IRF8(ETS:IRF)/pDC-Irf8-ChIP-Seq(GSE66899)/Homer(0.969)	10.233546	-268.999800	0	T:722.0(1.99%),B:466.7(0.74%),P:1e-116
0.018	0.001	0.001	0.980
0.017	0.062	0.009	0.912
0.006	0.001	0.001	0.992
0.016	0.969	0.001	0.014
0.987	0.001	0.011	0.001
0.058	0.657	0.068	0.217
0.019	0.001	0.012	0.968
0.026	0.009	0.001	0.964
0.008	0.876	0.001	0.115
0.001	0.857	0.009	0.133
>AAATGCGGAA	6-AAATGCGGAA,BestGuess:SPIC/MA0687.2/Jaspar(0.696)	7.499384	-189.931481	0	T:1345.0(3.72%),B:1327.6(2.11%),P:1e-82
0.899	0.022	0.020	0.059
0.659	0.085	0.246	0.010
0.726	0.134	0.067	0.073
0.206	0.076	0.058	0.660
0.151	0.057	0.743	0.049
0.078	0.753	0.158	0.011
0.202	0.121	0.667	0.010
0.150	0.149	0.668	0.033
0.615	0.178	0.123	0.084
0.652	0.055	0.129	0.164
>WWDHHNNCGN	7-WWDHHNNCGN,BestGuess:ZBTB38(Zf)/Hela-ZBTB38-ChIP-seq(GSE108618)/Homer(0.659)	4.677314	-188.488051	0	T:12702.0(35.08%),B:19158.9(30.38%),P:1e-81
0.520	0.001	0.001	0.478
0.472	0.001	0.001	0.526
0.321	0.075	0.305	0.299
0.340	0.331	0.038	0.290
0.362	0.271	0.039	0.328
0.295	0.231	0.212	0.262
0.247	0.287	0.214	0.252
0.001	0.997	0.001	0.001
0.001	0.001	0.997	0.001
0.265	0.221	0.232	0.281
>TGMCACCYGB	9-TGMCACCYGB,BestGuess:HIC1(Zf)/Treg-ZBTB29-ChIP-Seq(GSE99889)/Homer(0.769)	6.635727	-165.357380	0	T:1928.0(5.33%),B:2185.3(3.46%),P:1e-71
0.320	0.014	0.009	0.657
0.315	0.001	0.678	0.006
0.295	0.390	0.135	0.180
0.009	0.983	0.002	0.006
0.529	0.179	0.287	0.005
0.006	0.478	0.196	0.320
0.006	0.669	0.312	0.013
0.166	0.282	0.149	0.403
0.252	0.221	0.518	0.009
0.004	0.384	0.340	0.272
>ACAGGAAACCAC	7-ACAGGAAACCAC,BestGuess:EWS:FLI1-fusion(ETS)/SK_N_MC-EWS:FLI1-ChIP-Seq(SRA014231)/Homer(0.836)	9.107962	-121.829817	0	T:878.0(2.43%),B:871.5(1.38%),P:1e-52
0.796	0.027	0.136	0.041
0.117	0.739	0.115	0.029
0.941	0.003	0.005	0.051
0.047	0.001	0.928	0.024
0.057	0.018	0.917	0.008
0.947	0.028	0.024	0.001
0.984	0.001	0.014	0.001
0.820	0.040	0.137	0.003
0.001	0.869	0.030	0.100
0.215	0.756	0.003	0.026
0.677	0.121	0.121	0.081
0.127	0.628	0.128	0.117
>AGCGCCMCCT	11-AGCGCCMCCT,BestGuess:PB0076.1_Sp4_1/Jaspar(0.754)	8.009134	-113.129637	0	T:705.0(1.95%),B:667.9(1.06%),P:1e-49
0.641	0.033	0.043	0.283
0.055	0.308	0.582	0.055
0.049	0.789	0.048	0.114
0.320	0.030	0.618	0.032
0.034	0.825	0.073	0.068
0.075	0.820	0.054	0.051
0.382	0.518	0.066	0.034
0.016	0.585	0.038	0.361
0.209	0.517	0.227	0.047
0.327	0.104	0.022	0.547
>ATTTGCATAT	13-ATTTGCATAT,BestGuess:Oct2(POU,Homeobox)/Bcell-Oct2-ChIP-Seq(GSE21512)/Homer(0.994)	8.604237	-89.674301	0	T:644.0(1.78%),B:639.3(1.01%),P:1e-38
0.866	0.027	0.071	0.036
0.001	0.001	0.018	0.980
0.001	0.001	0.001	0.997
0.001	0.006	0.027	0.966
0.001	0.001	0.997	0.001
0.081	0.904	0.014	0.001
0.997	0.001	0.001	0.001
0.001	0.001	0.001	0.997
0.796	0.032	0.096	0.076
0.074	0.223	0.148	0.555
>GGRNYCCCCN	14-GGRNYCCCCN,BestGuess:PB0052.1_Plagl1_1/Jaspar(0.750)	6.015367	-73.012946	0	T:5336.0(14.74%),B:7966.1(12.63%),P:1e-31
0.003	0.214	0.782	0.001
0.014	0.202	0.591	0.193
0.250	0.232	0.397	0.122
0.262	0.208	0.322	0.209
0.178	0.387	0.158	0.278
0.001	0.608	0.242	0.149
0.013	0.949	0.037	0.001
0.001	0.997	0.001	0.001
0.052	0.475	0.258	0.214
0.235	0.305	0.167	0.293
>TTWTTTTA	14-TTWTTTTA,BestGuess:ZNF384/MA1125.2/Jaspar(0.883)	4.596557	-72.093621	0	T:13837.0(38.22%),B:22236.6(35.26%),P:1e-31
0.001	0.349	0.060	0.590
0.001	0.051	0.001	0.947
0.491	0.001	0.001	0.507
0.084	0.001	0.001	0.914
0.001	0.001	0.001	0.997
0.001	0.001	0.001	0.997
0.211	0.001	0.001	0.787
0.598	0.088	0.001	0.313
>GCACCTGT	15-GCACCTGT,BestGuess:MYOD1/MA0499.3/Jaspar(0.959)	9.409725	-71.959625	0	T:1573.0(4.34%),B:2020.9(3.20%),P:1e-31
0.001	0.001	0.997	0.001
0.001	0.997	0.001	0.001
0.997	0.001	0.001	0.001
0.001	0.729	0.269	0.001
0.001	0.997	0.001	0.001
0.001	0.001	0.001	0.997
0.001	0.001	0.997	0.001
0.001	0.293	0.001	0.705
>TGCAMTMGTTTA	10-TGCAMTMGTTTA,BestGuess:BARHL1/MA0877.4/Jaspar(0.634)	10.328817	-68.800059	0	T:33.0(0.09%),B:3.7(0.01%),P:1e-29
0.023	0.039	0.028	0.910
0.046	0.339	0.571	0.044
0.250	0.681	0.030	0.039
0.687	0.051	0.019	0.243
0.322	0.422	0.218	0.038
0.293	0.040	0.027	0.640
0.434	0.494	0.029	0.042
0.026	0.032	0.637	0.305
0.025	0.023	0.028	0.924
0.019	0.032	0.021	0.928
0.360	0.030	0.025	0.585
0.524	0.050	0.176	0.250
>CGTCATTA	18-CGTCATTA,BestGuess:HOXA4/MA1496.2/Jaspar(0.800)	6.260814	-58.836051	0	T:1282.0(3.54%),B:1646.1(2.61%),P:1e-25
0.001	0.922	0.001	0.076
0.001	0.131	0.867	0.001
0.024	0.001	0.088	0.887
0.131	0.866	0.002	0.001
0.497	0.044	0.329	0.129
0.001	0.001	0.231	0.767
0.053	0.074	0.033	0.840
0.892	0.035	0.072	0.001
>ACGCATCACT	16-ACGCATCACT,BestGuess:PAX6/MA0069.1/Jaspar(0.709)	9.754985	-53.168623	0	T:131.0(0.36%),B:82.1(0.13%),P:1e-23
0.891	0.001	0.023	0.085
0.082	0.846	0.021	0.051
0.001	0.001	0.997	0.001
0.040	0.958	0.001	0.001
0.928	0.063	0.008	0.001
0.085	0.017	0.065	0.833
0.008	0.990	0.001	0.001
0.884	0.001	0.041	0.074
0.001	0.950	0.008	0.041
0.078	0.062	0.009	0.851
>GCTACGTTGCTT	14-GCTACGTTGCTT,BestGuess:RFX7/MA1554.2/Jaspar(0.638)	11.128211	-52.578334	0	T:24.0(0.07%),B:2.9(0.00%),P:1e-22
0.022	0.054	0.881	0.043
0.023	0.912	0.043	0.022
0.065	0.066	0.033	0.836
0.753	0.137	0.109	0.001
0.137	0.748	0.043	0.072
0.046	0.033	0.881	0.040
0.033	0.033	0.033	0.901
0.076	0.044	0.204	0.676
0.043	0.091	0.843	0.023
0.023	0.922	0.033	0.022
0.094	0.033	0.043	0.830
0.065	0.043	0.065	0.827
>TGGGTAAATCTC	15-TGGGTAAATCTC,BestGuess:ZNF75A/MA2097.1/Jaspar(0.671)	11.160766	-50.068610	0	T:52.0(0.14%),B:16.7(0.03%),P:1e-21
0.045	0.039	0.079	0.837
0.063	0.039	0.865	0.033
0.086	0.026	0.819	0.069
0.050	0.039	0.859	0.052
0.049	0.030	0.142	0.779
0.898	0.019	0.057	0.026
0.893	0.043	0.032	0.032
0.888	0.046	0.026	0.040
0.152	0.039	0.090	0.719
0.085	0.842	0.060	0.013
0.073	0.046	0.006	0.875
0.052	0.734	0.171	0.043
>CCCCCNSCCCCC	16-CCCCCNSCCCCC,BestGuess:PATZ1/MA1961.2/Jaspar(0.847)	7.464500	-49.180641	0	T:6170.0(17.04%),B:9588.2(15.20%),P:1e-21
0.079	0.785	0.076	0.060
0.063	0.829	0.049	0.059
0.077	0.817	0.050	0.056
0.047	0.805	0.073	0.075
0.079	0.843	0.075	0.003
0.293	0.226	0.250	0.230
0.047	0.498	0.412	0.044
0.089	0.767	0.073	0.071
0.082	0.824	0.049	0.045
0.065	0.805	0.072	0.058
0.082	0.804	0.059	0.055
0.085	0.784	0.077	0.054
>CGCGTGAGAACT	17-CGCGTGAGAACT,BestGuess:PB0194.1_Zbtb12_2/Jaspar(0.678)	8.258746	-46.535644	0	T:22.0(0.06%),B:2.6(0.00%),P:1e-20
0.092	0.520	0.165	0.223
0.225	0.176	0.503	0.096
0.141	0.564	0.269	0.026
0.143	0.034	0.553	0.270
0.017	0.017	0.319	0.647
0.150	0.176	0.484	0.190
0.648	0.027	0.200	0.125
0.128	0.025	0.743	0.104
0.592	0.242	0.147	0.019
0.549	0.277	0.022	0.152
0.227	0.526	0.158	0.089
0.158	0.222	0.163	0.456
>CCAGCCTCCCCG	18-CCAGCCTCCCCG,BestGuess:FEZF2/MA2341.1/Jaspar(0.714)	12.441920	-46.075375	0	T:25.0(0.07%),B:3.9(0.01%),P:1e-20
0.001	0.997	0.001	0.001
0.001	0.980	0.001	0.018
0.997	0.001	0.001	0.001
0.001	0.001	0.997	0.001
0.001	0.997	0.001	0.001
0.134	0.864	0.001	0.001
0.001	0.001	0.001	0.997
0.001	0.997	0.001	0.001
0.001	0.997	0.001	0.001
0.001	0.997	0.001	0.001
0.001	0.997	0.001	0.001
0.001	0.001	0.997	0.001
>TGACGCCCTACA	20-TGACGCCCTACA,BestGuess:Zfp961/MA2126.1/Jaspar(0.700)	10.551127	-38.162682	0	T:22.0(0.06%),B:3.8(0.01%),P:1e-16
0.072	0.030	0.052	0.846
0.023	0.045	0.901	0.031
0.762	0.080	0.121	0.037
0.072	0.773	0.038	0.117
0.052	0.067	0.780	0.101
0.037	0.844	0.067	0.052
0.035	0.905	0.015	0.045
0.022	0.913	0.015	0.050
0.067	0.099	0.045	0.789
0.786	0.095	0.067	0.052
0.095	0.803	0.050	0.052
0.911	0.052	0.015	0.022
>GGATCGGCCTAG	21-GGATCGGCCTAG,BestGuess:ZNF711(Zf)/SHSY5Y-ZNF711-ChIP-Seq(GSE20673)/Homer(0.696)	10.068500	-37.041187	0	T:24.0(0.07%),B:4.5(0.01%),P:1e-16
0.164	0.065	0.753	0.018
0.113	0.085	0.741	0.061
0.679	0.102	0.133	0.086
0.082	0.132	0.101	0.685
0.164	0.709	0.110	0.017
0.081	0.125	0.681	0.113
0.042	0.126	0.619	0.213
0.034	0.864	0.064	0.038
0.077	0.744	0.053	0.126
0.093	0.192	0.121	0.594
0.756	0.122	0.053	0.069
0.021	0.016	0.947	0.016
>GTGAACTCGG	17-GTGAACTCGG,BestGuess:Vdr/MA0693.4/Jaspar(0.827)	10.296193	-36.765202	0	T:15.0(0.04%),B:1.0(0.00%),P:1e-15
0.100	0.100	0.700	0.100
0.100	0.100	0.100	0.700
0.100	0.100	0.700	0.100
0.700	0.100	0.100	0.100
0.700	0.100	0.100	0.100
0.100	0.700	0.100	0.100
0.100	0.100	0.100	0.700
0.100	0.700	0.100	0.100
0.100	0.100	0.700	0.100
0.100	0.100	0.700	0.100
>GGCAATCG	20-GGCAATCG,BestGuess:Nanog/MA2339.1/Jaspar(0.741)	8.236954	-36.513330	0	T:53.0(0.15%),B:23.3(0.04%),P:1e-15
0.100	0.100	0.700	0.100
0.100	0.100	0.700	0.100
0.100	0.700	0.100	0.100
0.700	0.100	0.100	0.100
0.700	0.100	0.100	0.100
0.100	0.100	0.100	0.700
0.100	0.700	0.100	0.100
0.100	0.100	0.700	0.100
>TCGAAGCATCGG	22-TCGAAGCATCGG,BestGuess:POL008.1_DCE_S_I/Jaspar(0.638)	10.921145	-33.105565	0	T:20.0(0.06%),B:3.6(0.01%),P:1e-14
0.076	0.001	0.001	0.922
0.077	0.845	0.001	0.077
0.076	0.001	0.922	0.001
0.922	0.001	0.076	0.001
0.997	0.001	0.001	0.001
0.001	0.001	0.997	0.001
0.001	0.997	0.001	0.001
0.769	0.077	0.077	0.077
0.001	0.001	0.076	0.922
0.077	0.845	0.077	0.001
0.001	0.001	0.922	0.076
0.001	0.001	0.997	0.001
>TCGCTGGGTT	18-TCGCTGGGTT,BestGuess:Zfp809/MA2125.1/Jaspar(0.637)	13.701227	-30.302002	0	T:13.0(0.04%),B:1.7(0.00%),P:1e-13
0.001	0.001	0.001	0.997
0.001	0.997	0.001	0.001
0.001	0.001	0.997	0.001
0.124	0.874	0.001	0.001
0.001	0.001	0.001	0.997
0.001	0.001	0.997	0.001
0.001	0.001	0.997	0.001
0.001	0.001	0.997	0.001
0.001	0.001	0.001	0.997
0.001	0.001	0.001	0.997
>AGGTGGTTAA	19-AGGTGGTTAA,BestGuess:HOXC11/MA0651.3/Jaspar(0.679)	12.361869	-29.085481	0	T:39.0(0.11%),B:16.8(0.03%),P:1e-12
0.997	0.001	0.001	0.001
0.001	0.001	0.997	0.001
0.001	0.001	0.997	0.001
0.001	0.001	0.001	0.997
0.001	0.001	0.997	0.001
0.001	0.001	0.997	0.001
0.229	0.001	0.001	0.769
0.001	0.001	0.001	0.997
0.997	0.001	0.001	0.001
0.997	0.001	0.001	0.001
>CGGTCTATCTTT	23-CGGTCTATCTTT,BestGuess:MEF2C/MA0497.2/Jaspar(0.641)	10.409522	-26.904174	0	T:15.0(0.04%),B:2.9(0.00%),P:1e-11
0.100	0.700	0.100	0.100
0.100	0.100	0.700	0.100
0.100	0.100	0.700	0.100
0.100	0.100	0.100	0.700
0.100	0.700	0.100	0.100
0.100	0.100	0.100	0.700
0.700	0.100	0.100	0.100
0.100	0.100	0.100	0.700
0.100	0.700	0.100	0.100
0.100	0.100	0.100	0.700
0.100	0.100	0.100	0.700
0.100	0.100	0.100	0.700
>CGGAGATT	22-CGGAGATT,BestGuess:Gfi1b(Zf)/HPC7-Gfi1b-ChIP-Seq(GSE22178)/Homer(0.695)	5.717439	-24.621359	0	T:372.0(1.03%),B:451.9(0.72%),P:1e-10
0.001	0.997	0.001	0.001
0.001	0.001	0.997	0.001
0.001	0.001	0.997	0.001
0.977	0.001	0.001	0.021
0.001	0.001	0.997	0.001
0.997	0.001	0.001	0.001
0.001	0.001	0.001	0.997
0.225	0.227	0.001	0.547
>AGCCCGCGTT	21-AGCCCGCGTT,BestGuess:GCM2/MA0767.2/Jaspar(0.640)	10.296193	-24.328780	0	T:14.0(0.04%),B:3.0(0.00%),P:1e-10
0.700	0.100	0.100	0.100
0.100	0.100	0.700	0.100
0.100	0.700	0.100	0.100
0.100	0.700	0.100	0.100
0.100	0.700	0.100	0.100
0.100	0.100	0.700	0.100
0.100	0.700	0.100	0.100
0.100	0.100	0.700	0.100
0.100	0.100	0.100	0.700
0.100	0.100	0.100	0.700
>CGCGTATGCAGG	24-CGCGTATGCAGG,BestGuess:Pit1(Homeobox)/GCrat-Pit1-ChIP-Seq(GSE58009)/Homer(0.617)	8.697678	-21.537437	0	T:17.0(0.05%),B:4.1(0.01%),P:1e-9
0.109	0.642	0.121	0.128
0.109	0.121	0.667	0.103
0.104	0.658	0.117	0.121
0.114	0.115	0.653	0.118
0.100	0.117	0.127	0.656
0.601	0.141	0.127	0.131
0.115	0.108	0.118	0.659
0.084	0.096	0.709	0.111
0.112	0.688	0.104	0.096
0.686	0.101	0.107	0.106
0.103	0.088	0.711	0.098
0.112	0.119	0.671	0.098
>ATCAAATCTA	23-ATCAAATCTA,BestGuess:Arid3a/MA0151.1/Jaspar(0.690)	10.295443	-21.335029	0	T:26.0(0.07%),B:10.8(0.02%),P:1e-9
0.997	0.001	0.001	0.001
0.001	0.001	0.001	0.997
0.001	0.997	0.001	0.001
0.997	0.001	0.001	0.001
0.997	0.001	0.001	0.001
0.997	0.001	0.001	0.001
0.001	0.001	0.001	0.997
0.001	0.997	0.001	0.001
0.001	0.001	0.029	0.969
0.997	0.001	0.001	0.001
>TCCCCCGA	23-TCCCCCGA,BestGuess:SREBF1/MA0595.1/Jaspar(0.693)	9.242971	-20.899632	0	T:335.0(0.93%),B:412.5(0.65%),P:1e-9
0.001	0.001	0.001	0.997
0.001	0.997	0.001	0.001
0.161	0.837	0.001	0.001
0.001	0.997	0.001	0.001
0.001	0.997	0.001	0.001
0.001	0.997	0.001	0.001
0.001	0.001	0.997	0.001
0.997	0.001	0.001	0.001
>CGTTACTGGCAC	25-CGTTACTGGCAC,BestGuess:MYRF(MYRF)/CFPAC1-MYRF-ChIP-Seq(GSE145627)/Homer(0.690)	10.726704	-20.871730	0	T:20.0(0.06%),B:6.9(0.01%),P:1e-9
0.076	0.770	0.087	0.067
0.117	0.143	0.660	0.080
0.031	0.050	0.050	0.869
0.050	0.097	0.106	0.747
0.862	0.021	0.050	0.067
0.060	0.920	0.010	0.010
0.061	0.040	0.050	0.849
0.031	0.040	0.889	0.040
0.030	0.071	0.869	0.030
0.051	0.849	0.080	0.020
0.842	0.041	0.040	0.077
0.050	0.880	0.030	0.040
>RCGAKYWA	24-RCGAKYWA,BestGuess:Hmx1/MA0896.2/Jaspar(0.651)	8.443832	-12.857369	0	T:149.0(0.41%),B:174.8(0.28%),P:1e-5
0.469	0.001	0.529	0.001
0.001	0.997	0.001	0.001
0.001	0.001	0.997	0.001
0.997	0.001	0.001	0.001
0.001	0.001	0.477	0.521
0.001	0.481	0.001	0.517
0.568	0.001	0.001	0.430
0.997	0.001	0.001	0.001
>ATATCAATAG	24-ATATCAATAG,BestGuess:ONECUT1/MA0679.3/Jaspar(0.800)	10.296193	-11.491288	0	T:13.0(0.04%),B:5.6(0.01%),P:1e-4
0.700	0.100	0.100	0.100
0.100	0.100	0.100	0.700
0.700	0.100	0.100	0.100
0.100	0.100	0.100	0.700
0.100	0.700	0.100	0.100
0.700	0.100	0.100	0.100
0.700	0.100	0.100	0.100
0.100	0.100	0.100	0.700
0.700	0.100	0.100	0.100
0.100	0.100	0.700	0.100
>AGCGGTAT	25-AGCGGTAT,BestGuess:RUNX2/MA0511.2/Jaspar(0.708)	8.319828	-6.420236	0	T:208.0(0.57%),B:293.4(0.47%),P:1e-2
0.517	0.171	0.001	0.311
0.179	0.001	0.622	0.198
0.001	0.997	0.001	0.001
0.001	0.001	0.997	0.001
0.001	0.001	0.997	0.001
0.001	0.001	0.001	0.997
0.687	0.001	0.311	0.001
0.001	0.001	0.001	0.997
