>CCTGCATACGCG	24-CGCGTATGCAGG	8.697678	-21.537437	0	T:17.0(0.05%),B:4.1(0.01%),P:1e-9
0.098	0.671	0.119	0.112
0.098	0.711	0.088	0.103
0.106	0.107	0.101	0.686
0.096	0.104	0.688	0.112
0.111	0.709	0.096	0.084
0.659	0.118	0.108	0.115
0.131	0.127	0.141	0.601
0.656	0.127	0.117	0.100
0.118	0.653	0.115	0.114
0.121	0.117	0.658	0.104
0.103	0.667	0.121	0.109
0.128	0.121	0.642	0.109
