>TAAACKAKTGCA	10-TGCAMTMGTTTA	10.328817	-68.800059	0	T:33.0(0.09%),B:3.7(0.01%),P:1e-29
0.250	0.176	0.050	0.524
0.585	0.025	0.030	0.360
0.928	0.021	0.032	0.019
0.924	0.028	0.023	0.025
0.305	0.637	0.032	0.026
0.042	0.029	0.494	0.434
0.640	0.027	0.040	0.293
0.038	0.218	0.422	0.322
0.243	0.019	0.051	0.687
0.039	0.030	0.681	0.250
0.044	0.571	0.339	0.046
0.910	0.028	0.039	0.023
