>TGGCTACGCATC	19-TGGCTACGCATC	10.438402	-40.758501	0	T:23.0(0.06%),B:3.5(0.01%),P:1e-17
0.058	0.029	0.059	0.854
0.029	0.029	0.870	0.072
0.043	0.074	0.788	0.095
0.029	0.832	0.125	0.014
0.014	0.031	0.072	0.883
0.840	0.043	0.086	0.031
0.069	0.785	0.074	0.072
0.096	0.058	0.803	0.043
0.101	0.784	0.072	0.043
0.868	0.031	0.058	0.043
0.043	0.029	0.045	0.883
0.086	0.828	0.072	0.014
