>AGTTCTCACGCG	17-CGCGTGAGAACT	8.258746	-46.535644	0	T:22.0(0.06%),B:2.6(0.00%),P:1e-20
0.456	0.163	0.222	0.158
0.089	0.158	0.526	0.227
0.152	0.022	0.277	0.549
0.019	0.147	0.242	0.592
0.104	0.743	0.025	0.128
0.125	0.200	0.027	0.648
0.190	0.484	0.176	0.150
0.647	0.319	0.017	0.017
0.270	0.553	0.034	0.143
0.026	0.269	0.564	0.141
0.096	0.503	0.176	0.225
0.223	0.165	0.520	0.092
