>GGATCGGCCTAG	21-GGATCGGCCTAG,BestGuess:ZNF711(Zf)/SHSY5Y-ZNF711-ChIP-Seq(GSE20673)/Homer(0.696)	10.068500	-37.041187	0	T:24.0(0.07%),B:4.5(0.01%),P:1e-16
0.164	0.065	0.753	0.018
0.113	0.085	0.741	0.061
0.679	0.102	0.133	0.086
0.082	0.132	0.101	0.685
0.164	0.709	0.110	0.017
0.081	0.125	0.681	0.113
0.042	0.126	0.619	0.213
0.034	0.864	0.064	0.038
0.077	0.744	0.053	0.126
0.093	0.192	0.121	0.594
0.756	0.122	0.053	0.069
0.021	0.016	0.947	0.016
