>GTTTCACTTCCT	4-GTTTCACTTCCT	10.003312	-369.688536	0	T:876.0(2.42%),B:524.2(0.83%),P:1e-160
0.259	0.168	0.414	0.159
0.121	0.088	0.020	0.771
0.038	0.154	0.115	0.693
0.005	0.037	0.001	0.957
0.078	0.825	0.044	0.053
0.975	0.001	0.001	0.023
0.061	0.662	0.098	0.179
0.042	0.001	0.001	0.956
0.023	0.001	0.001	0.975
0.001	0.821	0.001	0.177
0.009	0.887	0.001	0.103
0.085	0.168	0.001	0.746
