>AAGCAACGTAGC	14-GCTACGTTGCTT	11.128211	-52.578334	0	T:24.0(0.07%),B:2.9(0.00%),P:1e-22
0.827	0.065	0.043	0.065
0.830	0.043	0.033	0.094
0.022	0.033	0.922	0.023
0.023	0.843	0.091	0.043
0.676	0.204	0.044	0.076
0.901	0.033	0.033	0.033
0.040	0.881	0.033	0.046
0.072	0.043	0.748	0.137
0.001	0.109	0.137	0.753
0.836	0.033	0.066	0.065
0.022	0.043	0.912	0.023
0.043	0.881	0.054	0.022
