>CGCGTGAGAACT	17-CGCGTGAGAACT,BestGuess:PB0194.1_Zbtb12_2/Jaspar(0.678)	8.258746	-46.535644	0	T:22.0(0.06%),B:2.6(0.00%),P:1e-20
0.092	0.520	0.165	0.223
0.225	0.176	0.503	0.096
0.141	0.564	0.269	0.026
0.143	0.034	0.553	0.270
0.017	0.017	0.319	0.647
0.150	0.176	0.484	0.190
0.648	0.027	0.200	0.125
0.128	0.025	0.743	0.104
0.592	0.242	0.147	0.019
0.549	0.277	0.022	0.152
0.227	0.526	0.158	0.089
0.158	0.222	0.163	0.456
