>TGGGTAAATCTC	15-TGGGTAAATCTC,BestGuess:ZNF75A/MA2097.1/Jaspar(0.671)	11.160766	-50.068610	0	T:52.0(0.14%),B:16.7(0.03%),P:1e-21
0.045	0.039	0.079	0.837
0.063	0.039	0.865	0.033
0.086	0.026	0.819	0.069
0.050	0.039	0.859	0.052
0.049	0.030	0.142	0.779
0.898	0.019	0.057	0.026
0.893	0.043	0.032	0.032
0.888	0.046	0.026	0.040
0.152	0.039	0.090	0.719
0.085	0.842	0.060	0.013
0.073	0.046	0.006	0.875
0.052	0.734	0.171	0.043
