>CACCAGGTGGCA	5-CACCAGGTGGCA	9.806753	-314.658819	0	T:660.0(1.82%),B:364.2(0.58%),P:1e-136
0.034	0.876	0.072	0.018
0.659	0.061	0.132	0.148
0.047	0.688	0.230	0.035
0.029	0.765	0.093	0.113
0.828	0.031	0.035	0.106
0.024	0.008	0.967	0.001
0.021	0.011	0.965	0.003
0.090	0.022	0.183	0.705
0.001	0.006	0.934	0.059
0.078	0.039	0.835	0.048
0.001	0.960	0.003	0.036
0.830	0.024	0.126	0.020
