>TGATATGCAAAT	11-TGATATGCAAAT	7.029548	-59.632987	0	T:743.0(2.05%),B:856.5(1.36%),P:1e-25
0.216	0.094	0.171	0.519
0.179	0.160	0.492	0.168
0.569	0.146	0.119	0.166
0.198	0.137	0.144	0.521
0.513	0.156	0.134	0.197
0.174	0.020	0.129	0.677
0.147	0.090	0.610	0.153
0.188	0.532	0.147	0.133
0.776	0.102	0.025	0.097
0.593	0.137	0.149	0.121
0.672	0.139	0.121	0.068
0.217	0.135	0.157	0.491
