>TGTAGGGCGTCA	20-TGACGCCCTACA	10.551127	-38.162682	0	T:22.0(0.06%),B:3.8(0.01%),P:1e-16
0.022	0.015	0.052	0.911
0.052	0.050	0.803	0.095
0.052	0.067	0.095	0.786
0.789	0.045	0.099	0.067
0.050	0.015	0.913	0.022
0.045	0.015	0.905	0.035
0.052	0.067	0.844	0.037
0.101	0.780	0.067	0.052
0.117	0.038	0.773	0.072
0.037	0.121	0.080	0.762
0.031	0.901	0.045	0.023
0.846	0.052	0.030	0.072
