>CGTTTTTTTTTT	13-CGTTTTTTTTTT	7.142521	-54.051063	0	T:4003.0(11.06%),B:5971.9(9.47%),P:1e-23
0.114	0.594	0.142	0.150
0.140	0.129	0.588	0.143
0.078	0.083	0.082	0.757
0.061	0.063	0.078	0.798
0.073	0.067	0.064	0.796
0.074	0.081	0.069	0.776
0.082	0.069	0.072	0.777
0.077	0.079	0.076	0.768
0.072	0.078	0.075	0.775
0.073	0.072	0.064	0.791
0.060	0.087	0.061	0.792
0.073	0.080	0.062	0.785
