>AGAGGGCGCTAA	8-AGAGGGCGCTAA	11.182183	-95.355509	0	T:37.0(0.10%),B:3.0(0.00%),P:1e-41
0.933	0.005	0.046	0.016
0.030	0.152	0.797	0.021
0.699	0.065	0.129	0.107
0.022	0.016	0.946	0.016
0.161	0.010	0.828	0.001
0.021	0.021	0.915	0.043
0.027	0.732	0.021	0.220
0.139	0.016	0.657	0.188
0.069	0.789	0.055	0.087
0.216	0.011	0.025	0.748
0.682	0.127	0.175	0.016
0.679	0.199	0.016	0.106
