>AARGAGGAASTR	2-AARGAGGAASTR	7.143643	-1009.651436	0	T:6686.0(18.47%),B:6659.2(10.56%),P:1e-438
0.418	0.108	0.267	0.207
0.433	0.076	0.281	0.210
0.432	0.070	0.283	0.215
0.234	0.185	0.502	0.079
0.748	0.017	0.185	0.050
0.031	0.006	0.942	0.021
0.039	0.015	0.926	0.020
0.925	0.033	0.022	0.020
0.895	0.011	0.044	0.050
0.100	0.407	0.449	0.044
0.136	0.188	0.067	0.609
0.354	0.102	0.362	0.182
