>GCTACGTTGCTT	14-GCTACGTTGCTT,BestGuess:RFX7/MA1554.2/Jaspar(0.638)	11.128211	-52.578334	0	T:24.0(0.07%),B:2.9(0.00%),P:1e-22
0.022	0.054	0.881	0.043
0.023	0.912	0.043	0.022
0.065	0.066	0.033	0.836
0.753	0.137	0.109	0.001
0.137	0.748	0.043	0.072
0.046	0.033	0.881	0.040
0.033	0.033	0.033	0.901
0.076	0.044	0.204	0.676
0.043	0.091	0.843	0.023
0.023	0.922	0.033	0.022
0.094	0.033	0.043	0.830
0.065	0.043	0.065	0.827
