>TGACGCCCTACA	20-TGACGCCCTACA,BestGuess:Zfp961/MA2126.1/Jaspar(0.700)	10.551127	-38.162682	0	T:22.0(0.06%),B:3.8(0.01%),P:1e-16
0.072	0.030	0.052	0.846
0.023	0.045	0.901	0.031
0.762	0.080	0.121	0.037
0.072	0.773	0.038	0.117
0.052	0.067	0.780	0.101
0.037	0.844	0.067	0.052
0.035	0.905	0.015	0.045
0.022	0.913	0.015	0.050
0.067	0.099	0.045	0.789
0.786	0.095	0.067	0.052
0.095	0.803	0.050	0.052
0.911	0.052	0.015	0.022
