>NNAACGAAATNR	9-NNAACGAAATNR	4.596229	-70.597244	0	T:5962.0(16.47%),B:9013.2(14.29%),P:1e-30
0.299	0.201	0.282	0.219
0.258	0.230	0.198	0.315
0.693	0.084	0.077	0.146
0.633	0.109	0.126	0.132
0.009	0.946	0.034	0.011
0.012	0.035	0.898	0.055
0.650	0.095	0.120	0.135
0.677	0.095	0.090	0.138
0.710	0.097	0.093	0.100
0.133	0.126	0.170	0.571
0.260	0.207	0.284	0.249
0.241	0.184	0.364	0.211
