>GGGGGSNGGGGG	16-CCCCCNSCCCCC	7.464500	-49.180641	0	T:6170.0(17.04%),B:9588.2(15.20%),P:1e-21
0.054	0.077	0.784	0.085
0.055	0.059	0.804	0.082
0.058	0.072	0.805	0.065
0.045	0.049	0.824	0.082
0.071	0.073	0.767	0.089
0.044	0.412	0.498	0.047
0.230	0.250	0.226	0.293
0.003	0.075	0.843	0.079
0.075	0.073	0.805	0.047
0.056	0.050	0.817	0.077
0.059	0.049	0.829	0.063
0.060	0.076	0.785	0.079
