>CCACYAGGKGGC	1-CCACYAGGKGGC	10.665754	-2631.558843	0	T:2272.0(2.56%),B:301.8(0.34%),P:1e-1142	Tpos:100.2,Tstd:41.6,Bpos:102.1,Bstd:56.2,StrandBias:-0.0,Multiplicity:1.01
0.124	0.852	0.001	0.023
0.001	0.997	0.001	0.001
0.977	0.001	0.001	0.021
0.001	0.812	0.186	0.001
0.223	0.337	0.041	0.400
0.944	0.001	0.001	0.054
0.001	0.001	0.997	0.001
0.374	0.001	0.624	0.001
0.001	0.001	0.473	0.525
0.001	0.001	0.997	0.001
0.001	0.001	0.857	0.141
0.178	0.650	0.001	0.171
>BNVTGASTCABN	2-BNVTGASTCABN	8.116645	-1872.672197	0	T:4814.0(5.41%),B:1732.8(1.97%),P:1e-813	Tpos:101.5,Tstd:52.4,Bpos:101.2,Bstd:55.3,StrandBias:0.0,Multiplicity:1.05
0.194	0.346	0.247	0.213
0.302	0.188	0.259	0.252
0.377	0.272	0.292	0.059
0.004	0.001	0.007	0.988
0.001	0.001	0.983	0.015
0.986	0.001	0.012	0.001
0.104	0.375	0.420	0.100
0.029	0.001	0.016	0.954
0.046	0.939	0.011	0.004
0.997	0.001	0.001	0.001
0.054	0.274	0.304	0.368
0.245	0.289	0.175	0.290
>CACTAGAGGGCA	3-CACTAGAGGGCA	9.664487	-1420.301521	0	T:2038.0(2.29%),B:472.1(0.54%),P:1e-616	Tpos:98.8,Tstd:51.8,Bpos:96.5,Bstd:54.6,StrandBias:0.1,Multiplicity:1.01
0.017	0.977	0.005	0.001
0.696	0.141	0.046	0.117
0.060	0.863	0.064	0.013
0.058	0.186	0.082	0.674
0.918	0.042	0.039	0.001
0.122	0.001	0.876	0.001
0.783	0.001	0.212	0.004
0.043	0.001	0.766	0.190
0.132	0.001	0.834	0.033
0.075	0.051	0.815	0.059
0.082	0.860	0.001	0.057
0.871	0.001	0.127	0.001
>TCACTTCCTSTT	4-TCACTTCCTSTT	7.637523	-670.897214	0	T:13595.0(15.29%),B:9909.0(11.24%),P:1e-291	Tpos:100.7,Tstd:54.1,Bpos:100.3,Bstd:54.8,StrandBias:-0.1,Multiplicity:1.11
0.152	0.263	0.156	0.429
0.216	0.429	0.126	0.229
0.588	0.094	0.200	0.118
0.001	0.599	0.059	0.341
0.030	0.001	0.001	0.968
0.001	0.001	0.001	0.997
0.001	0.930	0.024	0.045
0.001	0.997	0.001	0.001
0.001	0.173	0.001	0.825
0.001	0.471	0.387	0.141
0.208	0.249	0.042	0.501
0.111	0.263	0.069	0.557
>WKATTGTGMAAT	5-WKATTGTGMAAT	8.148445	-630.870832	0	T:4530.0(5.10%),B:2553.2(2.90%),P:1e-273	Tpos:100.8,Tstd:54.4,Bpos:100.8,Bstd:58.0,StrandBias:0.1,Multiplicity:1.06
0.418	0.001	0.192	0.389
0.185	0.071	0.399	0.345
0.564	0.086	0.336	0.014
0.001	0.001	0.001	0.997
0.001	0.001	0.001	0.997
0.152	0.032	0.493	0.323
0.198	0.001	0.100	0.701
0.001	0.001	0.997	0.001
0.402	0.403	0.001	0.194
0.997	0.001	0.001	0.001
0.997	0.001	0.001	0.001
0.137	0.215	0.085	0.563
>GTTAATBATTAA	6-GTTAATBATTAA	7.081710	-405.374641	0	T:4544.0(5.11%),B:2896.0(3.28%),P:1e-176	Tpos:99.8,Tstd:54.0,Bpos:100.7,Bstd:61.0,StrandBias:0.0,Multiplicity:1.07
0.301	0.054	0.562	0.083
0.058	0.050	0.067	0.825
0.098	0.065	0.076	0.761
0.859	0.052	0.039	0.050
0.835	0.077	0.028	0.060
0.128	0.032	0.037	0.803
0.117	0.264	0.366	0.254
0.728	0.040	0.036	0.196
0.056	0.043	0.067	0.834
0.043	0.031	0.071	0.855
0.718	0.056	0.052	0.174
0.848	0.057	0.031	0.064
>TGACCTTTGGCC	7-TGACCTTTGGCC	6.542827	-366.503819	0	T:12885.0(14.49%),B:10148.1(11.51%),P:1e-159	Tpos:99.9,Tstd:53.7,Bpos:99.9,Bstd:56.2,StrandBias:0.0,Multiplicity:1.10
0.064	0.049	0.057	0.830
0.240	0.034	0.689	0.037
0.449	0.251	0.263	0.038
0.311	0.616	0.030	0.043
0.051	0.875	0.026	0.048
0.026	0.050	0.010	0.914
0.019	0.083	0.057	0.841
0.028	0.026	0.066	0.880
0.030	0.030	0.648	0.292
0.198	0.297	0.455	0.050
0.059	0.667	0.026	0.248
0.249	0.469	0.023	0.259
>TGGCAGGMAGCC	8-TGGCAGGMAGCC	6.757506	-306.394107	0	T:12978.0(14.60%),B:10446.3(11.85%),P:1e-133	Tpos:100.7,Tstd:54.2,Bpos:100.5,Bstd:55.7,StrandBias:-0.0,Multiplicity:1.13
0.088	0.035	0.084	0.793
0.087	0.042	0.831	0.040
0.077	0.286	0.621	0.016
0.055	0.875	0.063	0.007
0.725	0.016	0.049	0.210
0.152	0.025	0.763	0.060
0.189	0.212	0.585	0.014
0.521	0.381	0.070	0.028
0.480	0.027	0.165	0.329
0.033	0.085	0.746	0.136
0.170	0.651	0.055	0.124
0.053	0.758	0.030	0.159
>AGGTCAVTGACC	9-AGGTCAVTGACC	7.459751	-205.168550	0	T:5315.0(5.98%),B:3980.4(4.51%),P:1e-89	Tpos:99.6,Tstd:54.4,Bpos:101.0,Bstd:55.9,StrandBias:0.0,Multiplicity:1.05
0.831	0.001	0.109	0.059
0.069	0.002	0.910	0.019
0.007	0.055	0.903	0.035
0.147	0.085	0.164	0.604
0.031	0.886	0.062	0.021
0.892	0.041	0.024	0.043
0.305	0.297	0.268	0.131
0.139	0.006	0.075	0.780
0.033	0.026	0.925	0.016
0.573	0.157	0.147	0.123
0.107	0.782	0.086	0.025
0.131	0.774	0.003	0.092
>CCAGSCCTGGCC	10-CCAGSCCTGGCC	8.200950	-181.152702	0	T:8966.0(10.09%),B:7308.0(8.29%),P:1e-78	Tpos:100.9,Tstd:55.8,Bpos:101.1,Bstd:56.2,StrandBias:0.0,Multiplicity:1.09
0.208	0.435	0.201	0.156
0.029	0.969	0.001	0.001
0.740	0.101	0.010	0.149
0.059	0.001	0.939	0.001
0.186	0.335	0.453	0.026
0.001	0.742	0.171	0.086
0.001	0.992	0.006	0.001
0.357	0.001	0.040	0.602
0.001	0.001	0.970	0.028
0.142	0.156	0.551	0.151
0.013	0.707	0.265	0.015
0.189	0.565	0.007	0.239
>AGATTACATCAG	11-AGATTACATCAG	7.657366	-177.482122	0	T:1734.0(1.95%),B:1064.5(1.21%),P:1e-77	Tpos:99.5,Tstd:55.2,Bpos:99.0,Bstd:53.9,StrandBias:-0.2,Multiplicity:1.01
0.772	0.039	0.077	0.112
0.097	0.092	0.746	0.065
0.740	0.084	0.090	0.086
0.075	0.070	0.076	0.779
0.078	0.102	0.154	0.666
0.708	0.083	0.104	0.105
0.097	0.764	0.076	0.063
0.752	0.100	0.049	0.099
0.084	0.085	0.118	0.713
0.088	0.771	0.077	0.064
0.869	0.029	0.024	0.078
0.076	0.100	0.718	0.106
>AGGGGAATTCCC	12-AGGGGAATTCCC	8.025858	-170.894642	0	T:3113.0(3.50%),B:2194.9(2.49%),P:1e-74	Tpos:98.7,Tstd:55.9,Bpos:100.6,Bstd:55.6,StrandBias:-0.1,Multiplicity:1.02
0.495	0.086	0.218	0.201
0.156	0.003	0.813	0.028
0.077	0.001	0.916	0.006
0.143	0.001	0.848	0.008
0.291	0.016	0.692	0.001
0.761	0.120	0.114	0.005
0.670	0.129	0.082	0.119
0.100	0.105	0.181	0.614
0.003	0.132	0.071	0.794
0.005	0.827	0.044	0.124
0.018	0.961	0.001	0.020
0.109	0.758	0.008	0.125
>CAAATATTTACT	13-CAAATATTTACT	9.588057	-166.535387	0	T:1061.0(1.19%),B:573.8(0.65%),P:1e-72	Tpos:97.1,Tstd:53.1,Bpos:101.7,Bstd:57.6,StrandBias:-0.1,Multiplicity:1.01
0.039	0.652	0.146	0.163
0.813	0.096	0.038	0.053
0.980	0.002	0.017	0.001
0.814	0.069	0.108	0.009
0.009	0.081	0.010	0.900
0.746	0.049	0.159	0.046
0.001	0.001	0.001	0.997
0.027	0.003	0.025	0.945
0.052	0.016	0.067	0.865
0.759	0.004	0.183	0.054
0.077	0.774	0.013	0.136
0.138	0.079	0.001	0.782
>ATTASGCAAGAG	14-ATTASGCAAGAG	9.836114	-162.201105	0	T:767.0(0.86%),B:371.6(0.42%),P:1e-70	Tpos:99.9,Tstd:52.0,Bpos:100.8,Bstd:53.0,StrandBias:0.1,Multiplicity:1.02
0.739	0.082	0.158	0.021
0.083	0.001	0.001	0.915
0.002	0.001	0.352	0.645
0.585	0.043	0.165	0.207
0.216	0.311	0.414	0.059
0.140	0.278	0.459	0.123
0.191	0.807	0.001	0.001
0.997	0.001	0.001	0.001
0.955	0.001	0.043	0.001
0.001	0.271	0.727	0.001
0.972	0.001	0.026	0.001
0.013	0.015	0.971	0.001
>AAAAAAAAAAAA	15-AAAAAAAAAAAA	9.176405	-159.229551	0	T:3655.0(4.11%),B:2682.9(3.04%),P:1e-69	Tpos:102.0,Tstd:55.9,Bpos:100.2,Bstd:63.1,StrandBias:-0.0,Multiplicity:1.05
0.700	0.038	0.179	0.083
0.786	0.046	0.069	0.099
0.782	0.146	0.071	0.001
0.816	0.147	0.034	0.003
0.895	0.090	0.012	0.003
0.712	0.135	0.069	0.084
0.789	0.143	0.065	0.003
0.753	0.153	0.059	0.035
0.644	0.176	0.109	0.071
0.619	0.195	0.021	0.165
0.568	0.195	0.113	0.124
0.523	0.239	0.051	0.187
>ACACTGTTTACA	16-ACACTGTTTACA	9.393097	-158.713447	0	T:930.0(1.05%),B:488.1(0.55%),P:1e-68	Tpos:100.8,Tstd:54.5,Bpos:103.3,Bstd:61.3,StrandBias:0.0,Multiplicity:1.01
0.659	0.088	0.124	0.129
0.080	0.817	0.047	0.056
0.823	0.065	0.001	0.111
0.080	0.801	0.097	0.022
0.001	0.001	0.001	0.997
0.004	0.001	0.994	0.001
0.073	0.027	0.063	0.837
0.001	0.001	0.039	0.959
0.001	0.060	0.165	0.774
0.695	0.110	0.018	0.177
0.068	0.771	0.100	0.061
0.819	0.108	0.001	0.072
>GTGTTGCAACAC	17-GTGTTGCAACAC	8.270885	-157.278674	0	T:1543.0(1.74%),B:948.9(1.08%),P:1e-68	Tpos:99.8,Tstd:53.6,Bpos:98.7,Bstd:58.2,StrandBias:-0.0,Multiplicity:1.02
0.147	0.171	0.536	0.146
0.076	0.025	0.158	0.741
0.173	0.092	0.616	0.119
0.033	0.169	0.006	0.792
0.031	0.001	0.033	0.935
0.047	0.047	0.588	0.318
0.045	0.836	0.063	0.056
0.692	0.279	0.012	0.017
0.807	0.069	0.019	0.105
0.043	0.907	0.049	0.001
0.885	0.066	0.005	0.044
0.102	0.635	0.157	0.106
>ATTTCGTAATCG	18-ATTTCGTAATCG	8.502709	-155.158349	0	T:1163.0(1.31%),B:663.0(0.75%),P:1e-67	Tpos:99.6,Tstd:54.9,Bpos:101.9,Bstd:58.7,StrandBias:0.2,Multiplicity:1.01
0.575	0.014	0.410	0.001
0.001	0.114	0.001	0.884
0.001	0.018	0.001	0.980
0.064	0.001	0.011	0.924
0.001	0.842	0.076	0.081
0.169	0.169	0.514	0.148
0.242	0.019	0.053	0.686
0.573	0.216	0.089	0.122
0.795	0.203	0.001	0.001
0.047	0.017	0.001	0.935
0.147	0.581	0.075	0.197
0.206	0.025	0.560	0.209
>ATTGATTTYGCA	19-ATTGATTTYGCA	9.857632	-140.629550	0	T:706.0(0.79%),B:350.8(0.40%),P:1e-61	Tpos:93.5,Tstd:56.8,Bpos:102.8,Bstd:56.9,StrandBias:0.4,Multiplicity:1.02
0.892	0.044	0.002	0.062
0.047	0.183	0.112	0.658
0.014	0.001	0.039	0.946
0.096	0.070	0.687	0.147
0.969	0.011	0.018	0.002
0.001	0.001	0.015	0.983
0.001	0.001	0.001	0.997
0.001	0.039	0.045	0.915
0.067	0.389	0.227	0.316
0.101	0.213	0.466	0.220
0.064	0.870	0.065	0.001
0.969	0.001	0.001	0.029
>TTCCCTACCGTA	20-TTCCCTACCGTA	11.130180	-109.325314	0	T:85.0(0.10%),B:10.1(0.01%),P:1e-47	Tpos:90.0,Tstd:56.5,Bpos:105.3,Bstd:52.9,StrandBias:-0.3,Multiplicity:1.00
0.038	0.085	0.110	0.767
0.018	0.018	0.083	0.881
0.018	0.951	0.008	0.023
0.015	0.914	0.003	0.068
0.010	0.954	0.003	0.033
0.131	0.033	0.027	0.809
0.720	0.196	0.017	0.067
0.173	0.794	0.018	0.015
0.031	0.929	0.020	0.020
0.014	0.104	0.869	0.013
0.074	0.111	0.041	0.774
0.643	0.168	0.071	0.118
>GTAAACTCGTCG	21-GTAAACTCGTCG	10.713086	-107.963031	0	T:69.0(0.08%),B:6.4(0.01%),P:1e-46	Tpos:102.4,Tstd:53.1,Bpos:106.4,Bstd:66.8,StrandBias:0.6,Multiplicity:1.00
0.008	0.001	0.960	0.031
0.001	0.001	0.246	0.752
0.926	0.001	0.054	0.019
0.876	0.078	0.045	0.001
0.711	0.163	0.001	0.125
0.007	0.991	0.001	0.001
0.150	0.001	0.100	0.749
0.044	0.829	0.001	0.126
0.031	0.001	0.792	0.176
0.017	0.194	0.071	0.718
0.095	0.833	0.064	0.008
0.071	0.095	0.826	0.008
>CGCCCTGCCCTG	22-CGCCCTGCCCTG	10.784271	-102.665926	0	T:46.0(0.05%),B:2.9(0.00%),P:1e-44	Tpos:82.8,Tstd:50.3,Bpos:104.2,Bstd:32.8,StrandBias:0.5,Multiplicity:1.00
0.001	0.997	0.001	0.001
0.001	0.001	0.997	0.001
0.001	0.997	0.001	0.001
0.001	0.997	0.001	0.001
0.001	0.997	0.001	0.001
0.001	0.001	0.001	0.997
0.003	0.001	0.995	0.001
0.010	0.988	0.001	0.001
0.001	0.997	0.001	0.001
0.001	0.997	0.001	0.001
0.001	0.001	0.001	0.997
0.001	0.001	0.997	0.001
>AGTCCGCGGAAT	23-AGTCCGCGGAAT	12.104527	-99.537357	0	T:45.0(0.05%),B:2.3(0.00%),P:1e-43	Tpos:99.5,Tstd:59.8,Bpos:175.7,Bstd:18.3,StrandBias:-0.7,Multiplicity:1.00
0.984	0.003	0.003	0.010
0.043	0.028	0.919	0.010
0.141	0.053	0.038	0.768
0.010	0.934	0.050	0.006
0.016	0.709	0.010	0.265
0.028	0.041	0.887	0.044
0.013	0.770	0.201	0.016
0.230	0.041	0.672	0.057
0.035	0.069	0.880	0.016
0.958	0.019	0.013	0.010
0.742	0.028	0.077	0.153
0.026	0.088	0.100	0.786
>GTTTATCTTTGT	24-GTTTATCTTTGT	12.585928	-98.930996	0	T:51.0(0.06%),B:3.6(0.00%),P:1e-42	Tpos:91.2,Tstd:68.8,Bpos:126.3,Bstd:50.7,StrandBias:-0.6,Multiplicity:1.00
0.001	0.001	0.997	0.001
0.001	0.001	0.001	0.997
0.001	0.001	0.001	0.997
0.001	0.001	0.001	0.997
0.997	0.001	0.001	0.001
0.001	0.141	0.001	0.857
0.001	0.997	0.001	0.001
0.003	0.001	0.001	0.995
0.001	0.001	0.001	0.997
0.021	0.001	0.001	0.977
0.001	0.001	0.997	0.001
0.001	0.001	0.001	0.997
>CTGCTCGCACAG	25-CTGCTCGCACAG	13.359099	-84.309077	0	T:55.0(0.06%),B:5.7(0.01%),P:1e-36	Tpos:88.3,Tstd:62.6,Bpos:109.6,Bstd:33.3,StrandBias:1.2,Multiplicity:1.00
0.001	0.997	0.001	0.001
0.001	0.266	0.288	0.445
0.001	0.001	0.711	0.287
0.001	0.997	0.001	0.001
0.001	0.001	0.001	0.997
0.001	0.784	0.214	0.001
0.001	0.001	0.997	0.001
0.001	0.997	0.001	0.001
0.997	0.001	0.001	0.001
0.051	0.947	0.001	0.001
0.841	0.157	0.001	0.001
0.051	0.203	0.745	0.001
