>TGACTCAT	1-TGACTCAT	6.809513	-1923.924630	0	T:7198.0(8.10%),B:3183.1(3.61%),P:1e-835	Tpos:100.9,Tstd:53.9,Bpos:101.2,Bstd:56.7,StrandBias:0.0,Multiplicity:1.08
0.001	0.001	0.001	0.997
0.001	0.001	0.982	0.016
0.997	0.001	0.001	0.001
0.053	0.655	0.256	0.036
0.001	0.001	0.008	0.990
0.031	0.967	0.001	0.001
0.997	0.001	0.001	0.001
0.014	0.161	0.118	0.707
>TTGCGTAA	2-TTGCGTAA	5.708458	-821.022083	0	T:10558.0(11.88%),B:7020.1(7.96%),P:1e-356	Tpos:100.0,Tstd:54.7,Bpos:100.4,Bstd:60.4,StrandBias:0.0,Multiplicity:1.11
0.113	0.051	0.054	0.782
0.038	0.033	0.022	0.907
0.124	0.028	0.727	0.121
0.054	0.604	0.021	0.321
0.199	0.022	0.716	0.063
0.170	0.175	0.032	0.623
0.741	0.221	0.028	0.010
0.900	0.042	0.021	0.037
>AGGAAGTG	3-AGGAAGTG	4.173008	-615.274589	0	T:22626.0(25.45%),B:18146.3(20.58%),P:1e-267	Tpos:100.2,Tstd:55.3,Bpos:99.7,Bstd:57.2,StrandBias:0.0,Multiplicity:1.16
0.876	0.001	0.122	0.001
0.001	0.001	0.997	0.001
0.001	0.001	0.997	0.001
0.997	0.001	0.001	0.001
0.997	0.001	0.001	0.001
0.144	0.001	0.854	0.001
0.001	0.047	0.001	0.951
0.109	0.060	0.703	0.128
>TGACCTNT	4-TGACCTNT	5.074042	-614.116952	0	T:22893.0(25.75%),B:18395.7(20.87%),P:1e-266	Tpos:99.3,Tstd:55.0,Bpos:100.6,Bstd:57.1,StrandBias:0.0,Multiplicity:1.17
0.093	0.161	0.001	0.745
0.132	0.001	0.777	0.090
0.600	0.227	0.081	0.092
0.247	0.557	0.043	0.153
0.189	0.742	0.027	0.042
0.014	0.120	0.262	0.604
0.229	0.290	0.199	0.282
0.218	0.048	0.143	0.591
>NCGNNWNN	5-NCGNNWNN	3.284627	-560.516092	0	T:47239.0(53.14%),B:41916.6(47.55%),P:1e-243	Tpos:100.1,Tstd:55.4,Bpos:99.6,Bstd:61.8,StrandBias:-0.0,Multiplicity:1.62
0.294	0.203	0.248	0.256
0.001	0.997	0.001	0.001
0.001	0.001	0.997	0.001
0.248	0.241	0.195	0.316
0.262	0.193	0.215	0.330
0.419	0.224	0.001	0.356
0.257	0.201	0.229	0.313
0.322	0.217	0.220	0.241
>TCTTGGCA	6-TCTTGGCA	5.138540	-542.043314	0	T:33355.0(37.52%),B:28484.5(32.31%),P:1e-235	Tpos:99.9,Tstd:55.3,Bpos:100.9,Bstd:57.2,StrandBias:0.0,Multiplicity:1.17
0.190	0.199	0.164	0.448
0.049	0.523	0.077	0.351
0.049	0.137	0.068	0.746
0.054	0.075	0.173	0.698
0.048	0.267	0.671	0.014
0.049	0.032	0.881	0.038
0.162	0.722	0.072	0.044
0.663	0.033	0.032	0.272
>CYTGGCAR	7-CYTGGCAR	5.854288	-509.270787	0	T:20516.0(23.08%),B:16574.9(18.80%),P:1e-221	Tpos:100.7,Tstd:55.3,Bpos:100.3,Bstd:57.4,StrandBias:0.0,Multiplicity:1.19
0.053	0.484	0.265	0.198
0.001	0.399	0.127	0.474
0.023	0.036	0.075	0.866
0.001	0.084	0.914	0.001
0.001	0.290	0.708	0.001
0.118	0.844	0.037	0.001
0.728	0.140	0.047	0.085
0.402	0.157	0.347	0.095
>TATTTRCT	8-TATTTRCT	4.799770	-456.624318	0	T:16314.0(18.35%),B:12930.0(14.67%),P:1e-198	Tpos:100.1,Tstd:55.8,Bpos:99.4,Bstd:59.9,StrandBias:0.0,Multiplicity:1.16
0.001	0.001	0.001	0.997
0.767	0.001	0.231	0.001
0.001	0.001	0.001	0.997
0.001	0.001	0.001	0.997
0.001	0.001	0.001	0.997
0.518	0.001	0.480	0.001
0.001	0.908	0.001	0.090
0.188	0.178	0.040	0.594
>TGCGTAAT	9-TGCGTAAT	4.440248	-430.838759	0	T:22138.0(24.90%),B:18367.9(20.83%),P:1e-187	Tpos:100.3,Tstd:55.9,Bpos:99.3,Bstd:59.8,StrandBias:-0.0,Multiplicity:1.17
0.007	0.412	0.012	0.569
0.148	0.108	0.666	0.078
0.173	0.681	0.044	0.102
0.032	0.048	0.732	0.188
0.168	0.076	0.071	0.685
0.789	0.043	0.095	0.073
0.697	0.130	0.104	0.069
0.170	0.113	0.054	0.663
>GTTAACCG	10-GTTAACCG	5.314917	-388.584609	0	T:14776.0(16.62%),B:11774.5(13.36%),P:1e-168	Tpos:99.9,Tstd:55.6,Bpos:99.5,Bstd:60.7,StrandBias:0.0,Multiplicity:1.13
0.205	0.001	0.651	0.143
0.015	0.024	0.081	0.880
0.235	0.029	0.020	0.716
0.816	0.001	0.003	0.180
0.985	0.006	0.001	0.008
0.156	0.633	0.001	0.210
0.302	0.696	0.001	0.001
0.164	0.074	0.612	0.150
>CGGAYTGT	11-CGGAYTGT	4.459812	-370.898319	0	T:23611.0(26.56%),B:19997.1(22.68%),P:1e-161	Tpos:99.9,Tstd:56.0,Bpos:100.9,Bstd:60.6,StrandBias:0.0,Multiplicity:1.13
0.025	0.973	0.001	0.001
0.001	0.149	0.849	0.001
0.001	0.121	0.602	0.276
0.598	0.001	0.119	0.282
0.089	0.365	0.170	0.375
0.385	0.001	0.001	0.613
0.268	0.001	0.492	0.239
0.308	0.058	0.147	0.487
>AAATCAAT	12-AAATCAAT	5.314407	-311.080650	0	T:3947.0(4.44%),B:2586.9(2.93%),P:1e-135	Tpos:100.3,Tstd:55.8,Bpos:99.9,Bstd:58.2,StrandBias:0.0,Multiplicity:1.05
0.706	0.198	0.001	0.095
0.997	0.001	0.001	0.001
0.997	0.001	0.001	0.001
0.001	0.001	0.001	0.997
0.001	0.997	0.001	0.001
0.848	0.001	0.150	0.001
0.892	0.001	0.001	0.106
0.001	0.001	0.001	0.997
>TTCCCGGA	13-TTCCCGGA	5.427805	-299.446886	0	T:19199.0(21.60%),B:16196.6(18.37%),P:1e-130	Tpos:100.7,Tstd:56.1,Bpos:100.5,Bstd:58.9,StrandBias:-0.0,Multiplicity:1.13
0.033	0.001	0.001	0.965
0.119	0.115	0.106	0.660
0.149	0.677	0.001	0.173
0.027	0.787	0.142	0.044
0.040	0.829	0.086	0.045
0.122	0.090	0.787	0.001
0.134	0.001	0.697	0.168
0.587	0.117	0.153	0.143
>CCAGCCTG	14-CCAGCCTG	3.074785	-258.174474	0	T:18562.0(20.88%),B:15798.9(17.92%),P:1e-112	Tpos:98.9,Tstd:56.6,Bpos:100.6,Bstd:58.0,StrandBias:0.0,Multiplicity:1.20
0.001	0.997	0.001	0.001
0.001	0.580	0.001	0.418
0.550	0.202	0.247	0.001
0.001	0.001	0.997	0.001
0.001	0.997	0.001	0.001
0.001	0.782	0.001	0.216
0.261	0.001	0.001	0.737
0.001	0.001	0.997	0.001
>CCACTAGA	15-CCACTAGA	7.982460	-236.513039	0	T:1426.0(1.60%),B:755.3(0.86%),P:1e-102	Tpos:98.7,Tstd:48.2,Bpos:99.6,Bstd:57.3,StrandBias:-0.1,Multiplicity:1.01
0.001	0.997	0.001	0.001
0.001	0.936	0.062	0.001
0.997	0.001	0.001	0.001
0.001	0.997	0.001	0.001
0.001	0.001	0.001	0.997
0.997	0.001	0.001	0.001
0.001	0.001	0.997	0.001
0.734	0.001	0.264	0.001
>TTAGTCAT	16-TTAGTCAT	8.746535	-210.700829	0	T:1472.0(1.66%),B:819.2(0.93%),P:1e-91	Tpos:103.4,Tstd:54.8,Bpos:102.0,Bstd:61.1,StrandBias:-0.1,Multiplicity:1.02
0.001	0.001	0.001	0.997
0.001	0.001	0.001	0.997
0.997	0.001	0.001	0.001
0.001	0.001	0.997	0.001
0.001	0.001	0.001	0.997
0.001	0.997	0.001	0.001
0.997	0.001	0.001	0.001
0.001	0.300	0.098	0.601
>TTCCTGTT	17-TTCCTGTT	7.368714	-200.291644	0	T:11503.0(12.94%),B:9537.5(10.82%),P:1e-86	Tpos:99.7,Tstd:55.4,Bpos:100.5,Bstd:58.2,StrandBias:-0.1,Multiplicity:1.08
0.001	0.001	0.001	0.997
0.001	0.001	0.001	0.997
0.001	0.696	0.001	0.302
0.001	0.997	0.001	0.001
0.259	0.001	0.087	0.653
0.001	0.314	0.684	0.001
0.001	0.001	0.001	0.997
0.001	0.001	0.001	0.997
>CCCCCCCC	18-CCCCCCCC	6.062740	-195.977975	0	T:24549.0(27.61%),B:21812.5(24.74%),P:1e-85	Tpos:99.2,Tstd:56.1,Bpos:99.1,Bstd:57.3,StrandBias:-0.1,Multiplicity:1.38
0.001	0.697	0.026	0.276
0.124	0.874	0.001	0.001
0.160	0.698	0.001	0.141
0.194	0.679	0.001	0.126
0.115	0.883	0.001	0.001
0.071	0.734	0.194	0.001
0.001	0.815	0.183	0.001
0.001	0.668	0.330	0.001
>GTGACACA	19-GTGACACA	7.478716	-174.538053	0	T:2781.0(3.13%),B:1910.7(2.17%),P:1e-75	Tpos:96.3,Tstd:54.7,Bpos:99.5,Bstd:59.0,StrandBias:0.3,Multiplicity:1.03
0.236	0.001	0.762	0.001
0.001	0.046	0.001	0.952
0.001	0.001	0.911	0.087
0.997	0.001	0.001	0.001
0.001	0.997	0.001	0.001
0.856	0.001	0.142	0.001
0.001	0.997	0.001	0.001
0.997	0.001	0.001	0.001
>TGGACTTT	20-TGGACTTT	7.281636	-142.846200	0	T:4547.0(5.11%),B:3504.5(3.98%),P:1e-62	Tpos:100.3,Tstd:56.1,Bpos:99.3,Bstd:58.4,StrandBias:0.0,Multiplicity:1.03
0.001	0.042	0.095	0.862
0.001	0.129	0.718	0.152
0.001	0.001	0.817	0.181
0.997	0.001	0.001	0.001
0.001	0.997	0.001	0.001
0.001	0.001	0.001	0.997
0.001	0.087	0.001	0.911
0.001	0.001	0.001	0.997
>TGATGTCA	21-TGATGTCA	9.771039	-123.773806	0	T:1522.0(1.71%),B:989.1(1.12%),P:1e-53	Tpos:96.6,Tstd:54.3,Bpos:97.0,Bstd:55.0,StrandBias:0.0,Multiplicity:1.02
0.001	0.001	0.001	0.997
0.001	0.001	0.997	0.001
0.997	0.001	0.001	0.001
0.001	0.001	0.001	0.997
0.001	0.001	0.997	0.001
0.001	0.001	0.001	0.997
0.273	0.725	0.001	0.001
0.997	0.001	0.001	0.001
>CGCCCTCT	22-CGCCCTCT	7.389150	-115.349137	0	T:3454.0(3.89%),B:2638.9(2.99%),P:1e-50	Tpos:100.0,Tstd:56.2,Bpos:100.5,Bstd:57.5,StrandBias:0.2,Multiplicity:1.02
0.158	0.840	0.001	0.001
0.001	0.001	0.997	0.001
0.001	0.997	0.001	0.001
0.074	0.924	0.001	0.001
0.001	0.997	0.001	0.001
0.193	0.001	0.001	0.805
0.040	0.824	0.001	0.135
0.001	0.001	0.001	0.997
>AGGGGGCA	23-AGGGGGCA	8.447316	-112.096782	0	T:3364.0(3.78%),B:2570.2(2.92%),P:1e-48	Tpos:99.2,Tstd:51.8,Bpos:103.2,Bstd:55.9,StrandBias:-0.1,Multiplicity:1.03
0.997	0.001	0.001	0.001
0.001	0.001	0.997	0.001
0.001	0.001	0.997	0.001
0.001	0.001	0.677	0.321
0.001	0.001	0.997	0.001
0.001	0.001	0.997	0.001
0.001	0.891	0.001	0.107
0.997	0.001	0.001	0.001
>DTGCAACR	24-DTGCAACR	5.279133	-106.740098	0	T:918.0(1.03%),B:545.7(0.62%),P:1e-46	Tpos:98.3,Tstd:53.8,Bpos:99.8,Bstd:60.3,StrandBias:-0.0,Multiplicity:1.01
0.302	0.158	0.201	0.339
0.184	0.214	0.113	0.490
0.134	0.159	0.569	0.138
0.206	0.480	0.130	0.184
0.597	0.164	0.154	0.085
0.627	0.147	0.078	0.148
0.133	0.610	0.103	0.154
0.289	0.189	0.347	0.174
>AAAAAAAA	25-AAAAAAAA	8.479055	-77.507737	0	T:4274.0(4.81%),B:3512.8(3.98%),P:1e-33	Tpos:102.6,Tstd:57.0,Bpos:99.6,Bstd:64.1,StrandBias:-0.0,Multiplicity:1.05
0.997	0.001	0.001	0.001
0.997	0.001	0.001	0.001
0.997	0.001	0.001	0.001
0.997	0.001	0.001	0.001
0.997	0.001	0.001	0.001
0.997	0.001	0.001	0.001
0.997	0.001	0.001	0.001
0.923	0.075	0.001	0.001
