>RTGASTCAYN	1-RTGASTCAYN	7.764187	-2080.168672	0	T:5276.0(5.93%),B:1886.2(2.14%),P:1e-903	Tpos:101.1,Tstd:53.0,Bpos:101.2,Bstd:56.2,StrandBias:-0.0,Multiplicity:1.06
0.395	0.149	0.373	0.084
0.001	0.005	0.001	0.993
0.016	0.013	0.825	0.146
0.917	0.062	0.005	0.016
0.133	0.452	0.309	0.106
0.009	0.001	0.012	0.978
0.126	0.862	0.004	0.008
0.997	0.001	0.001	0.001
0.081	0.355	0.186	0.379
0.261	0.261	0.181	0.297
>RTTGCGWAAY	2-RTTGCGWAAY	6.827346	-1303.567056	0	T:7648.0(8.60%),B:4062.8(4.61%),P:1e-566	Tpos:99.2,Tstd:54.0,Bpos:101.1,Bstd:57.9,StrandBias:0.0,Multiplicity:1.08
0.386	0.220	0.303	0.090
0.076	0.010	0.001	0.913
0.001	0.001	0.001	0.997
0.001	0.001	0.798	0.200
0.165	0.752	0.001	0.082
0.327	0.100	0.510	0.063
0.305	0.260	0.001	0.434
0.579	0.419	0.001	0.001
0.997	0.001	0.001	0.001
0.106	0.319	0.139	0.436
>CACTAGAGGG	3-CACTAGAGGG	7.190670	-1212.767547	0	T:3282.0(3.69%),B:1211.1(1.37%),P:1e-526	Tpos:98.8,Tstd:46.8,Bpos:100.5,Bstd:54.3,StrandBias:-0.1,Multiplicity:1.02
0.001	0.997	0.001	0.001
0.979	0.008	0.012	0.001
0.005	0.966	0.028	0.001
0.054	0.090	0.008	0.848
0.997	0.001	0.001	0.001
0.017	0.001	0.981	0.001
0.761	0.001	0.237	0.001
0.001	0.001	0.746	0.252
0.006	0.008	0.985	0.001
0.009	0.001	0.985	0.005
>ACTTCCTSTT	4-ACTTCCTSTT	7.115791	-826.520574	0	T:16123.0(18.14%),B:11728.3(13.30%),P:1e-358	Tpos:100.9,Tstd:54.9,Bpos:100.2,Bstd:56.1,StrandBias:-0.0,Multiplicity:1.12
0.650	0.087	0.197	0.066
0.001	0.676	0.012	0.311
0.077	0.001	0.001	0.921
0.006	0.001	0.001	0.992
0.001	0.974	0.001	0.024
0.001	0.997	0.001	0.001
0.001	0.179	0.001	0.819
0.030	0.365	0.512	0.093
0.110	0.173	0.230	0.487
0.168	0.291	0.058	0.484
>GATTACGTAA	5-GATTACGTAA	4.672781	-686.417774	0	T:13422.0(15.10%),B:9722.9(11.03%),P:1e-298	Tpos:100.4,Tstd:54.5,Bpos:99.3,Bstd:59.0,StrandBias:-0.0,Multiplicity:1.09
0.102	0.114	0.655	0.129
0.665	0.097	0.116	0.122
0.077	0.127	0.084	0.712
0.087	0.083	0.118	0.712
0.714	0.084	0.113	0.089
0.091	0.728	0.083	0.098
0.113	0.086	0.708	0.093
0.120	0.101	0.099	0.680
0.697	0.126	0.092	0.085
0.728	0.078	0.100	0.094
>NTGACCTYTN	6-NTGACCTYTN	4.772610	-632.229689	0	T:24912.0(28.02%),B:20195.7(22.91%),P:1e-274	Tpos:99.3,Tstd:54.5,Bpos:100.0,Bstd:57.0,StrandBias:0.0,Multiplicity:1.18
0.219	0.247	0.229	0.304
0.018	0.304	0.093	0.585
0.321	0.009	0.633	0.037
0.486	0.279	0.231	0.003
0.285	0.469	0.028	0.217
0.007	0.742	0.243	0.008
0.011	0.186	0.155	0.648
0.192	0.278	0.159	0.372
0.211	0.149	0.184	0.456
0.186	0.189	0.322	0.304
>TGTTTACWCA	7-TGTTTACWCA	7.066150	-624.882877	0	T:7487.0(8.42%),B:4871.6(5.53%),P:1e-271	Tpos:100.3,Tstd:54.5,Bpos:100.4,Bstd:59.1,StrandBias:0.1,Multiplicity:1.05
0.001	0.008	0.001	0.990
0.189	0.001	0.809	0.001
0.159	0.023	0.110	0.708
0.001	0.001	0.001	0.997
0.001	0.001	0.253	0.745
0.868	0.084	0.047	0.001
0.030	0.791	0.001	0.178
0.431	0.121	0.031	0.418
0.107	0.641	0.070	0.182
0.509	0.118	0.132	0.241
>ATTAGTCATC	8-ATTAGTCATC	7.421842	-616.550305	0	T:3193.0(3.59%),B:1602.5(1.82%),P:1e-267	Tpos:95.8,Tstd:54.1,Bpos:99.7,Bstd:56.0,StrandBias:-0.1,Multiplicity:1.02
0.668	0.103	0.198	0.031
0.120	0.020	0.001	0.859
0.101	0.091	0.114	0.694
0.809	0.175	0.001	0.015
0.001	0.143	0.802	0.054
0.064	0.001	0.001	0.934
0.095	0.758	0.146	0.001
0.916	0.082	0.001	0.001
0.094	0.106	0.102	0.698
0.046	0.708	0.245	0.001
>TTGCCAAGCG	9-TTGCCAAGCG	4.624122	-484.491266	0	T:31752.0(35.72%),B:27198.5(30.85%),P:1e-210	Tpos:100.0,Tstd:55.0,Bpos:100.6,Bstd:57.5,StrandBias:-0.0,Multiplicity:1.24
0.093	0.116	0.118	0.673
0.099	0.074	0.090	0.737
0.080	0.128	0.695	0.097
0.109	0.670	0.115	0.106
0.106	0.720	0.075	0.099
0.745	0.093	0.078	0.084
0.684	0.107	0.125	0.084
0.102	0.119	0.677	0.102
0.113	0.697	0.082	0.108
0.111	0.101	0.700	0.088
>GTTAATCATT	10-GTTAATCATT	6.423399	-440.973905	0	T:7124.0(8.01%),B:4933.9(5.60%),P:1e-191	Tpos:99.9,Tstd:54.8,Bpos:99.2,Bstd:60.1,StrandBias:-0.1,Multiplicity:1.11
0.229	0.086	0.607	0.078
0.033	0.113	0.100	0.754
0.161	0.092	0.013	0.734
0.825	0.020	0.085	0.070
0.677	0.117	0.186	0.020
0.178	0.036	0.017	0.769
0.221	0.517	0.180	0.082
0.725	0.044	0.044	0.187
0.113	0.131	0.172	0.584
0.032	0.084	0.029	0.855
>NTTCCSGGAA	11-NTTCCSGGAA	5.273317	-349.647367	0	T:5174.0(5.82%),B:3510.8(3.98%),P:1e-151	Tpos:99.0,Tstd:54.8,Bpos:99.2,Bstd:58.1,StrandBias:-0.1,Multiplicity:1.03
0.348	0.217	0.206	0.228
0.300	0.026	0.158	0.516
0.158	0.093	0.240	0.509
0.255	0.495	0.075	0.176
0.003	0.625	0.284	0.088
0.172	0.294	0.349	0.185
0.201	0.210	0.565	0.024
0.110	0.002	0.570	0.318
0.470	0.205	0.057	0.269
0.702	0.005	0.002	0.291
>CATCTAGTGG	12-CATCTAGTGG	10.186243	-298.868936	0	T:207.0(0.23%),B:20.5(0.02%),P:1e-129	Tpos:99.8,Tstd:38.2,Bpos:147.1,Bstd:21.1,StrandBias:-0.1,Multiplicity:1.00
0.001	0.997	0.001	0.001
0.997	0.001	0.001	0.001
0.001	0.001	0.001	0.997
0.001	0.997	0.001	0.001
0.001	0.001	0.001	0.997
0.997	0.001	0.001	0.001
0.001	0.001	0.997	0.001
0.001	0.001	0.001	0.997
0.001	0.026	0.972	0.001
0.001	0.001	0.997	0.001
>DGCCAGCCAG	13-DGCCAGCCAG	6.818827	-288.618499	0	T:20071.0(22.58%),B:17061.9(19.35%),P:1e-125	Tpos:99.8,Tstd:55.4,Bpos:100.8,Bstd:56.9,StrandBias:-0.0,Multiplicity:1.17
0.257	0.171	0.252	0.321
0.001	0.270	0.620	0.109
0.001	0.705	0.293	0.001
0.095	0.890	0.014	0.001
0.757	0.001	0.001	0.241
0.001	0.214	0.784	0.001
0.001	0.633	0.365	0.001
0.071	0.701	0.001	0.227
0.641	0.001	0.090	0.268
0.001	0.099	0.899	0.001
>AAAAAAAAAA	14-AAAAAAAAAA	7.249260	-103.966447	0	T:9151.0(10.29%),B:7854.8(8.91%),P:1e-45	Tpos:101.5,Tstd:56.1,Bpos:99.7,Bstd:63.1,StrandBias:0.0,Multiplicity:1.11
0.801	0.089	0.059	0.051
0.809	0.101	0.050	0.040
0.840	0.075	0.027	0.058
0.822	0.081	0.041	0.056
0.802	0.107	0.032	0.059
0.862	0.076	0.035	0.027
0.773	0.131	0.029	0.067
0.786	0.140	0.031	0.043
0.751	0.143	0.055	0.051
0.756	0.140	0.038	0.066
>CCCCCCCCCC	15-CCCCCCCCCC	7.002399	-103.706897	0	T:12651.0(14.23%),B:11131.8(12.63%),P:1e-45	Tpos:99.4,Tstd:54.9,Bpos:99.1,Bstd:56.0,StrandBias:-0.1,Multiplicity:1.21
0.066	0.773	0.073	0.088
0.081	0.815	0.054	0.050
0.074	0.794	0.074	0.058
0.085	0.792	0.031	0.092
0.124	0.775	0.023	0.078
0.093	0.807	0.033	0.067
0.086	0.820	0.038	0.056
0.068	0.836	0.055	0.041
0.066	0.823	0.059	0.052
0.088	0.764	0.076	0.072
>CACGGTCGTG	16-CACGGTCGTG	12.852403	-89.146365	0	T:57.0(0.06%),B:5.7(0.01%),P:1e-38	Tpos:100.5,Tstd:65.6,Bpos:62.5,Bstd:15.6,StrandBias:0.5,Multiplicity:1.00
0.001	0.997	0.001	0.001
0.997	0.001	0.001	0.001
0.001	0.997	0.001	0.001
0.001	0.001	0.997	0.001
0.001	0.374	0.624	0.001
0.001	0.001	0.001	0.997
0.001	0.997	0.001	0.001
0.001	0.001	0.997	0.001
0.001	0.001	0.001	0.997
0.001	0.001	0.997	0.001
>GAGCGGTCTG	17-GAGCGGTCTG	12.754147	-82.707046	0	T:50.0(0.06%),B:4.8(0.01%),P:1e-35	Tpos:99.3,Tstd:60.5,Bpos:68.8,Bstd:46.0,StrandBias:-0.3,Multiplicity:1.00
0.001	0.001	0.997	0.001
0.997	0.001	0.001	0.001
0.001	0.001	0.997	0.001
0.001	0.997	0.001	0.001
0.001	0.001	0.997	0.001
0.001	0.001	0.997	0.001
0.001	0.001	0.001	0.997
0.339	0.659	0.001	0.001
0.001	0.001	0.001	0.997
0.001	0.001	0.997	0.001
>TCTAAACGCT	18-TCTAAACGCT	8.951241	-81.589307	0	T:65.0(0.07%),B:8.4(0.01%),P:1e-35	Tpos:80.9,Tstd:57.3,Bpos:93.4,Bstd:37.1,StrandBias:0.0,Multiplicity:1.00
0.001	0.001	0.001	0.997
0.001	0.997	0.001	0.001
0.001	0.001	0.021	0.977
0.997	0.001	0.001	0.001
0.997	0.001	0.001	0.001
0.639	0.001	0.001	0.359
0.001	0.997	0.001	0.001
0.001	0.001	0.997	0.001
0.001	0.997	0.001	0.001
0.001	0.001	0.001	0.997
>CGAGGCTTAA	19-CGAGGCTTAA	13.343515	-78.813728	0	T:31.0(0.03%),B:1.6(0.00%),P:1e-34	Tpos:89.1,Tstd:55.1,Bpos:112.0,Bstd:47.6,StrandBias:-0.1,Multiplicity:1.00
0.001	0.997	0.001	0.001
0.001	0.001	0.997	0.001
0.997	0.001	0.001	0.001
0.001	0.304	0.694	0.001
0.001	0.120	0.878	0.001
0.001	0.997	0.001	0.001
0.001	0.001	0.001	0.997
0.001	0.001	0.001	0.997
0.997	0.001	0.001	0.001
0.997	0.001	0.001	0.001
>CGTCATTTTC	20-CGTCATTTTC	11.471463	-71.713242	0	T:117.0(0.13%),B:31.9(0.04%),P:1e-31	Tpos:101.3,Tstd:56.1,Bpos:99.9,Bstd:66.4,StrandBias:-0.3,Multiplicity:1.00
0.001	0.997	0.001	0.001
0.001	0.001	0.997	0.001
0.001	0.001	0.001	0.997
0.001	0.997	0.001	0.001
0.997	0.001	0.001	0.001
0.001	0.217	0.001	0.781
0.001	0.001	0.001	0.997
0.001	0.001	0.001	0.997
0.001	0.001	0.001	0.997
0.120	0.712	0.001	0.167
>GTCAGCGAGT	21-GTCAGCGAGT	11.112021	-69.265433	0	T:68.0(0.08%),B:11.4(0.01%),P:1e-30	Tpos:106.2,Tstd:62.2,Bpos:107.6,Bstd:46.5,StrandBias:0.0,Multiplicity:1.00
0.001	0.001	0.997	0.001
0.001	0.001	0.001	0.997
0.001	0.907	0.001	0.091
0.886	0.001	0.112	0.001
0.001	0.001	0.997	0.001
0.001	0.997	0.001	0.001
0.001	0.001	0.997	0.001
0.997	0.001	0.001	0.001
0.189	0.001	0.809	0.001
0.001	0.001	0.001	0.997
>TAKTHCCGGG	22-TAKTHCCGGG	10.983266	-54.260159	0	T:67.0(0.08%),B:14.4(0.02%),P:1e-23	Tpos:110.5,Tstd:58.2,Bpos:55.8,Bstd:39.9,StrandBias:0.8,Multiplicity:1.00
0.001	0.001	0.001	0.997
0.997	0.001	0.001	0.001
0.066	0.217	0.335	0.382
0.001	0.001	0.001	0.997
0.357	0.247	0.001	0.395
0.005	0.682	0.001	0.312
0.001	0.997	0.001	0.001
0.001	0.001	0.997	0.001
0.001	0.065	0.933	0.001
0.010	0.312	0.677	0.001
>TTGATAATCC	23-TTGATAATCC	10.296193	-53.901663	0	T:38.0(0.04%),B:4.3(0.00%),P:1e-23	Tpos:106.3,Tstd:43.9,Bpos:52.4,Bstd:10.6,StrandBias:0.6,Multiplicity:1.00
0.100	0.100	0.100	0.700
0.100	0.100	0.100	0.700
0.100	0.100	0.700	0.100
0.700	0.100	0.100	0.100
0.100	0.100	0.100	0.700
0.700	0.100	0.100	0.100
0.700	0.100	0.100	0.100
0.100	0.100	0.100	0.700
0.100	0.700	0.100	0.100
0.100	0.700	0.100	0.100
>GGGGAACGAA	24-GGGGAACGAA	12.742277	-40.364574	0	T:46.0(0.05%),B:9.4(0.01%),P:1e-17	Tpos:106.5,Tstd:42.5,Bpos:100.9,Bstd:59.4,StrandBias:1.3,Multiplicity:1.00
0.001	0.001	0.997	0.001
0.001	0.001	0.997	0.001
0.001	0.001	0.663	0.335
0.001	0.001	0.997	0.001
0.997	0.001	0.001	0.001
0.997	0.001	0.001	0.001
0.001	0.997	0.001	0.001
0.001	0.001	0.997	0.001
0.997	0.001	0.001	0.001
0.997	0.001	0.001	0.001
>GAACTTTAGA	25-GAACTTTAGA	12.092933	-24.314311	0	T:65.0(0.07%),B:26.0(0.03%),P:1e-10	Tpos:85.6,Tstd:42.6,Bpos:63.9,Bstd:64.8,StrandBias:0.1,Multiplicity:1.00
0.001	0.001	0.997	0.001
0.997	0.001	0.001	0.001
0.997	0.001	0.001	0.001
0.001	0.997	0.001	0.001
0.001	0.001	0.001	0.997
0.001	0.001	0.001	0.997
0.001	0.001	0.001	0.997
0.997	0.001	0.001	0.001
0.001	0.001	0.823	0.175
0.997	0.001	0.001	0.001
