>RTGASTCAYN	1-RTGASTCAYN	7.764187	-2080.168672	0	T:5276.0(5.93%),B:1886.2(2.14%),P:1e-903	Tpos:101.1,Tstd:53.0,Bpos:101.2,Bstd:56.2,StrandBias:-0.0,Multiplicity:1.06
0.395	0.149	0.373	0.084
0.001	0.005	0.001	0.993
0.016	0.013	0.825	0.146
0.917	0.062	0.005	0.016
0.133	0.452	0.309	0.106
0.009	0.001	0.012	0.978
0.126	0.862	0.004	0.008
0.997	0.001	0.001	0.001
0.081	0.355	0.186	0.379
0.261	0.261	0.181	0.297
>RTTGCGWAAY	2-RTTGCGWAAY	6.827346	-1303.567056	0	T:7648.0(8.60%),B:4062.8(4.61%),P:1e-566	Tpos:99.2,Tstd:54.0,Bpos:101.1,Bstd:57.9,StrandBias:0.0,Multiplicity:1.08
0.386	0.220	0.303	0.090
0.076	0.010	0.001	0.913
0.001	0.001	0.001	0.997
0.001	0.001	0.798	0.200
0.165	0.752	0.001	0.082
0.327	0.100	0.510	0.063
0.305	0.260	0.001	0.434
0.579	0.419	0.001	0.001
0.997	0.001	0.001	0.001
0.106	0.319	0.139	0.436
>CACTAGAGGG	3-CACTAGAGGG	7.190670	-1212.767547	0	T:3282.0(3.69%),B:1211.1(1.37%),P:1e-526	Tpos:98.8,Tstd:46.8,Bpos:100.5,Bstd:54.3,StrandBias:-0.1,Multiplicity:1.02
0.001	0.997	0.001	0.001
0.979	0.008	0.012	0.001
0.005	0.966	0.028	0.001
0.054	0.090	0.008	0.848
0.997	0.001	0.001	0.001
0.017	0.001	0.981	0.001
0.761	0.001	0.237	0.001
0.001	0.001	0.746	0.252
0.006	0.008	0.985	0.001
0.009	0.001	0.985	0.005
>ACTTCCTSTT	4-ACTTCCTSTT	7.115791	-826.520574	0	T:16123.0(18.14%),B:11728.3(13.30%),P:1e-358	Tpos:100.9,Tstd:54.9,Bpos:100.2,Bstd:56.1,StrandBias:-0.0,Multiplicity:1.12
0.650	0.087	0.197	0.066
0.001	0.676	0.012	0.311
0.077	0.001	0.001	0.921
0.006	0.001	0.001	0.992
0.001	0.974	0.001	0.024
0.001	0.997	0.001	0.001
0.001	0.179	0.001	0.819
0.030	0.365	0.512	0.093
0.110	0.173	0.230	0.487
0.168	0.291	0.058	0.484
>GATTACGTAA	5-GATTACGTAA	4.672781	-686.417774	0	T:13422.0(15.10%),B:9722.9(11.03%),P:1e-298	Tpos:100.4,Tstd:54.5,Bpos:99.3,Bstd:59.0,StrandBias:-0.0,Multiplicity:1.09
0.102	0.114	0.655	0.129
0.665	0.097	0.116	0.122
0.077	0.127	0.084	0.712
0.087	0.083	0.118	0.712
0.714	0.084	0.113	0.089
0.091	0.728	0.083	0.098
0.113	0.086	0.708	0.093
0.120	0.101	0.099	0.680
0.697	0.126	0.092	0.085
0.728	0.078	0.100	0.094
>NTGACCTYTN	6-NTGACCTYTN	4.772610	-632.229689	0	T:24912.0(28.02%),B:20195.7(22.91%),P:1e-274	Tpos:99.3,Tstd:54.5,Bpos:100.0,Bstd:57.0,StrandBias:0.0,Multiplicity:1.18
0.219	0.247	0.229	0.304
0.018	0.304	0.093	0.585
0.321	0.009	0.633	0.037
0.486	0.279	0.231	0.003
0.285	0.469	0.028	0.217
0.007	0.742	0.243	0.008
0.011	0.186	0.155	0.648
0.192	0.278	0.159	0.372
0.211	0.149	0.184	0.456
0.186	0.189	0.322	0.304
>TGTTTACWCA	7-TGTTTACWCA	7.066150	-624.882877	0	T:7487.0(8.42%),B:4871.6(5.53%),P:1e-271	Tpos:100.3,Tstd:54.5,Bpos:100.4,Bstd:59.1,StrandBias:0.1,Multiplicity:1.05
0.001	0.008	0.001	0.990
0.189	0.001	0.809	0.001
0.159	0.023	0.110	0.708
0.001	0.001	0.001	0.997
0.001	0.001	0.253	0.745
0.868	0.084	0.047	0.001
0.030	0.791	0.001	0.178
0.431	0.121	0.031	0.418
0.107	0.641	0.070	0.182
0.509	0.118	0.132	0.241
>ATTAGTCATC	8-ATTAGTCATC	7.421842	-616.550305	0	T:3193.0(3.59%),B:1602.5(1.82%),P:1e-267	Tpos:95.8,Tstd:54.1,Bpos:99.7,Bstd:56.0,StrandBias:-0.1,Multiplicity:1.02
0.668	0.103	0.198	0.031
0.120	0.020	0.001	0.859
0.101	0.091	0.114	0.694
0.809	0.175	0.001	0.015
0.001	0.143	0.802	0.054
0.064	0.001	0.001	0.934
0.095	0.758	0.146	0.001
0.916	0.082	0.001	0.001
0.094	0.106	0.102	0.698
0.046	0.708	0.245	0.001
>TTGCCAAGCG	9-TTGCCAAGCG	4.624122	-484.491266	0	T:31752.0(35.72%),B:27198.5(30.85%),P:1e-210	Tpos:100.0,Tstd:55.0,Bpos:100.6,Bstd:57.5,StrandBias:-0.0,Multiplicity:1.24
0.093	0.116	0.118	0.673
0.099	0.074	0.090	0.737
0.080	0.128	0.695	0.097
0.109	0.670	0.115	0.106
0.106	0.720	0.075	0.099
0.745	0.093	0.078	0.084
0.684	0.107	0.125	0.084
0.102	0.119	0.677	0.102
0.113	0.697	0.082	0.108
0.111	0.101	0.700	0.088
>GTTAATCATT	10-GTTAATCATT	6.423399	-440.973905	0	T:7124.0(8.01%),B:4933.9(5.60%),P:1e-191	Tpos:99.9,Tstd:54.8,Bpos:99.2,Bstd:60.1,StrandBias:-0.1,Multiplicity:1.11
0.229	0.086	0.607	0.078
0.033	0.113	0.100	0.754
0.161	0.092	0.013	0.734
0.825	0.020	0.085	0.070
0.677	0.117	0.186	0.020
0.178	0.036	0.017	0.769
0.221	0.517	0.180	0.082
0.725	0.044	0.044	0.187
0.113	0.131	0.172	0.584
0.032	0.084	0.029	0.855
>NTTCCSGGAA	11-NTTCCSGGAA	5.273317	-349.647367	0	T:5174.0(5.82%),B:3510.8(3.98%),P:1e-151	Tpos:99.0,Tstd:54.8,Bpos:99.2,Bstd:58.1,StrandBias:-0.1,Multiplicity:1.03
0.348	0.217	0.206	0.228
0.300	0.026	0.158	0.516
0.158	0.093	0.240	0.509
0.255	0.495	0.075	0.176
0.003	0.625	0.284	0.088
0.172	0.294	0.349	0.185
0.201	0.210	0.565	0.024
0.110	0.002	0.570	0.318
0.470	0.205	0.057	0.269
0.702	0.005	0.002	0.291
>CATCTAGTGG	12-CATCTAGTGG	10.186243	-298.868936	0	T:207.0(0.23%),B:20.5(0.02%),P:1e-129	Tpos:99.8,Tstd:38.2,Bpos:147.1,Bstd:21.1,StrandBias:-0.1,Multiplicity:1.00
0.001	0.997	0.001	0.001
0.997	0.001	0.001	0.001
0.001	0.001	0.001	0.997
0.001	0.997	0.001	0.001
0.001	0.001	0.001	0.997
0.997	0.001	0.001	0.001
0.001	0.001	0.997	0.001
0.001	0.001	0.001	0.997
0.001	0.026	0.972	0.001
0.001	0.001	0.997	0.001
>DGCCAGCCAG	13-DGCCAGCCAG	6.818827	-288.618499	0	T:20071.0(22.58%),B:17061.9(19.35%),P:1e-125	Tpos:99.8,Tstd:55.4,Bpos:100.8,Bstd:56.9,StrandBias:-0.0,Multiplicity:1.17
0.257	0.171	0.252	0.321
0.001	0.270	0.620	0.109
0.001	0.705	0.293	0.001
0.095	0.890	0.014	0.001
0.757	0.001	0.001	0.241
0.001	0.214	0.784	0.001
0.001	0.633	0.365	0.001
0.071	0.701	0.001	0.227
0.641	0.001	0.090	0.268
0.001	0.099	0.899	0.001
>AAAAAAAAAA	14-AAAAAAAAAA	7.249260	-103.966447	0	T:9151.0(10.29%),B:7854.8(8.91%),P:1e-45	Tpos:101.5,Tstd:56.1,Bpos:99.7,Bstd:63.1,StrandBias:0.0,Multiplicity:1.11
0.801	0.089	0.059	0.051
0.809	0.101	0.050	0.040
0.840	0.075	0.027	0.058
0.822	0.081	0.041	0.056
0.802	0.107	0.032	0.059
0.862	0.076	0.035	0.027
0.773	0.131	0.029	0.067
0.786	0.140	0.031	0.043
0.751	0.143	0.055	0.051
0.756	0.140	0.038	0.066
>CCCCCCCCCC	15-CCCCCCCCCC	7.002399	-103.706897	0	T:12651.0(14.23%),B:11131.8(12.63%),P:1e-45	Tpos:99.4,Tstd:54.9,Bpos:99.1,Bstd:56.0,StrandBias:-0.1,Multiplicity:1.21
0.066	0.773	0.073	0.088
0.081	0.815	0.054	0.050
0.074	0.794	0.074	0.058
0.085	0.792	0.031	0.092
0.124	0.775	0.023	0.078
0.093	0.807	0.033	0.067
0.086	0.820	0.038	0.056
0.068	0.836	0.055	0.041
0.066	0.823	0.059	0.052
0.088	0.764	0.076	0.072
>CACGGTCGTG	16-CACGGTCGTG	12.852403	-89.146365	0	T:57.0(0.06%),B:5.7(0.01%),P:1e-38	Tpos:100.5,Tstd:65.6,Bpos:62.5,Bstd:15.6,StrandBias:0.5,Multiplicity:1.00
0.001	0.997	0.001	0.001
0.997	0.001	0.001	0.001
0.001	0.997	0.001	0.001
0.001	0.001	0.997	0.001
0.001	0.374	0.624	0.001
0.001	0.001	0.001	0.997
0.001	0.997	0.001	0.001
0.001	0.001	0.997	0.001
0.001	0.001	0.001	0.997
0.001	0.001	0.997	0.001
>GAGCGGTCTG	17-GAGCGGTCTG	12.754147	-82.707046	0	T:50.0(0.06%),B:4.8(0.01%),P:1e-35	Tpos:99.3,Tstd:60.5,Bpos:68.8,Bstd:46.0,StrandBias:-0.3,Multiplicity:1.00
0.001	0.001	0.997	0.001
0.997	0.001	0.001	0.001
0.001	0.001	0.997	0.001
0.001	0.997	0.001	0.001
0.001	0.001	0.997	0.001
0.001	0.001	0.997	0.001
0.001	0.001	0.001	0.997
0.339	0.659	0.001	0.001
0.001	0.001	0.001	0.997
0.001	0.001	0.997	0.001
>TCTAAACGCT	18-TCTAAACGCT	8.951241	-81.589307	0	T:65.0(0.07%),B:8.4(0.01%),P:1e-35	Tpos:80.9,Tstd:57.3,Bpos:93.4,Bstd:37.1,StrandBias:0.0,Multiplicity:1.00
0.001	0.001	0.001	0.997
0.001	0.997	0.001	0.001
0.001	0.001	0.021	0.977
0.997	0.001	0.001	0.001
0.997	0.001	0.001	0.001
0.639	0.001	0.001	0.359
0.001	0.997	0.001	0.001
0.001	0.001	0.997	0.001
0.001	0.997	0.001	0.001
0.001	0.001	0.001	0.997
>CGAGGCTTAA	19-CGAGGCTTAA	13.343515	-78.813728	0	T:31.0(0.03%),B:1.6(0.00%),P:1e-34	Tpos:89.1,Tstd:55.1,Bpos:112.0,Bstd:47.6,StrandBias:-0.1,Multiplicity:1.00
0.001	0.997	0.001	0.001
0.001	0.001	0.997	0.001
0.997	0.001	0.001	0.001
0.001	0.304	0.694	0.001
0.001	0.120	0.878	0.001
0.001	0.997	0.001	0.001
0.001	0.001	0.001	0.997
0.001	0.001	0.001	0.997
0.997	0.001	0.001	0.001
0.997	0.001	0.001	0.001
>CGTCATTTTC	20-CGTCATTTTC	11.471463	-71.713242	0	T:117.0(0.13%),B:31.9(0.04%),P:1e-31	Tpos:101.3,Tstd:56.1,Bpos:99.9,Bstd:66.4,StrandBias:-0.3,Multiplicity:1.00
0.001	0.997	0.001	0.001
0.001	0.001	0.997	0.001
0.001	0.001	0.001	0.997
0.001	0.997	0.001	0.001
0.997	0.001	0.001	0.001
0.001	0.217	0.001	0.781
0.001	0.001	0.001	0.997
0.001	0.001	0.001	0.997
0.001	0.001	0.001	0.997
0.120	0.712	0.001	0.167
>GTCAGCGAGT	21-GTCAGCGAGT	11.112021	-69.265433	0	T:68.0(0.08%),B:11.4(0.01%),P:1e-30	Tpos:106.2,Tstd:62.2,Bpos:107.6,Bstd:46.5,StrandBias:0.0,Multiplicity:1.00
0.001	0.001	0.997	0.001
0.001	0.001	0.001	0.997
0.001	0.907	0.001	0.091
0.886	0.001	0.112	0.001
0.001	0.001	0.997	0.001
0.001	0.997	0.001	0.001
0.001	0.001	0.997	0.001
0.997	0.001	0.001	0.001
0.189	0.001	0.809	0.001
0.001	0.001	0.001	0.997
>TAKTHCCGGG	22-TAKTHCCGGG	10.983266	-54.260159	0	T:67.0(0.08%),B:14.4(0.02%),P:1e-23	Tpos:110.5,Tstd:58.2,Bpos:55.8,Bstd:39.9,StrandBias:0.8,Multiplicity:1.00
0.001	0.001	0.001	0.997
0.997	0.001	0.001	0.001
0.066	0.217	0.335	0.382
0.001	0.001	0.001	0.997
0.357	0.247	0.001	0.395
0.005	0.682	0.001	0.312
0.001	0.997	0.001	0.001
0.001	0.001	0.997	0.001
0.001	0.065	0.933	0.001
0.010	0.312	0.677	0.001
>TTGATAATCC	23-TTGATAATCC	10.296193	-53.901663	0	T:38.0(0.04%),B:4.3(0.00%),P:1e-23	Tpos:106.3,Tstd:43.9,Bpos:52.4,Bstd:10.6,StrandBias:0.6,Multiplicity:1.00
0.100	0.100	0.100	0.700
0.100	0.100	0.100	0.700
0.100	0.100	0.700	0.100
0.700	0.100	0.100	0.100
0.100	0.100	0.100	0.700
0.700	0.100	0.100	0.100
0.700	0.100	0.100	0.100
0.100	0.100	0.100	0.700
0.100	0.700	0.100	0.100
0.100	0.700	0.100	0.100
>GGGGAACGAA	24-GGGGAACGAA	12.742277	-40.364574	0	T:46.0(0.05%),B:9.4(0.01%),P:1e-17	Tpos:106.5,Tstd:42.5,Bpos:100.9,Bstd:59.4,StrandBias:1.3,Multiplicity:1.00
0.001	0.001	0.997	0.001
0.001	0.001	0.997	0.001
0.001	0.001	0.663	0.335
0.001	0.001	0.997	0.001
0.997	0.001	0.001	0.001
0.997	0.001	0.001	0.001
0.001	0.997	0.001	0.001
0.001	0.001	0.997	0.001
0.997	0.001	0.001	0.001
0.997	0.001	0.001	0.001
>GAACTTTAGA	25-GAACTTTAGA	12.092933	-24.314311	0	T:65.0(0.07%),B:26.0(0.03%),P:1e-10	Tpos:85.6,Tstd:42.6,Bpos:63.9,Bstd:64.8,StrandBias:0.1,Multiplicity:1.00
0.001	0.001	0.997	0.001
0.997	0.001	0.001	0.001
0.997	0.001	0.001	0.001
0.001	0.997	0.001	0.001
0.001	0.001	0.001	0.997
0.001	0.001	0.001	0.997
0.001	0.001	0.001	0.997
0.997	0.001	0.001	0.001
0.001	0.001	0.823	0.175
0.997	0.001	0.001	0.001
>CCACYAGGKGGC	1-CCACYAGGKGGC	10.665754	-2631.558843	0	T:2272.0(2.56%),B:301.8(0.34%),P:1e-1142	Tpos:100.2,Tstd:41.6,Bpos:102.1,Bstd:56.2,StrandBias:-0.0,Multiplicity:1.01
0.124	0.852	0.001	0.023
0.001	0.997	0.001	0.001
0.977	0.001	0.001	0.021
0.001	0.812	0.186	0.001
0.223	0.337	0.041	0.400
0.944	0.001	0.001	0.054
0.001	0.001	0.997	0.001
0.374	0.001	0.624	0.001
0.001	0.001	0.473	0.525
0.001	0.001	0.997	0.001
0.001	0.001	0.857	0.141
0.178	0.650	0.001	0.171
>BNVTGASTCABN	2-BNVTGASTCABN	8.116645	-1872.672197	0	T:4814.0(5.41%),B:1732.8(1.97%),P:1e-813	Tpos:101.5,Tstd:52.4,Bpos:101.2,Bstd:55.3,StrandBias:0.0,Multiplicity:1.05
0.194	0.346	0.247	0.213
0.302	0.188	0.259	0.252
0.377	0.272	0.292	0.059
0.004	0.001	0.007	0.988
0.001	0.001	0.983	0.015
0.986	0.001	0.012	0.001
0.104	0.375	0.420	0.100
0.029	0.001	0.016	0.954
0.046	0.939	0.011	0.004
0.997	0.001	0.001	0.001
0.054	0.274	0.304	0.368
0.245	0.289	0.175	0.290
>CACTAGAGGGCA	3-CACTAGAGGGCA	9.664487	-1420.301521	0	T:2038.0(2.29%),B:472.1(0.54%),P:1e-616	Tpos:98.8,Tstd:51.8,Bpos:96.5,Bstd:54.6,StrandBias:0.1,Multiplicity:1.01
0.017	0.977	0.005	0.001
0.696	0.141	0.046	0.117
0.060	0.863	0.064	0.013
0.058	0.186	0.082	0.674
0.918	0.042	0.039	0.001
0.122	0.001	0.876	0.001
0.783	0.001	0.212	0.004
0.043	0.001	0.766	0.190
0.132	0.001	0.834	0.033
0.075	0.051	0.815	0.059
0.082	0.860	0.001	0.057
0.871	0.001	0.127	0.001
>TCACTTCCTSTT	4-TCACTTCCTSTT	7.637523	-670.897214	0	T:13595.0(15.29%),B:9909.0(11.24%),P:1e-291	Tpos:100.7,Tstd:54.1,Bpos:100.3,Bstd:54.8,StrandBias:-0.1,Multiplicity:1.11
0.152	0.263	0.156	0.429
0.216	0.429	0.126	0.229
0.588	0.094	0.200	0.118
0.001	0.599	0.059	0.341
0.030	0.001	0.001	0.968
0.001	0.001	0.001	0.997
0.001	0.930	0.024	0.045
0.001	0.997	0.001	0.001
0.001	0.173	0.001	0.825
0.001	0.471	0.387	0.141
0.208	0.249	0.042	0.501
0.111	0.263	0.069	0.557
>WKATTGTGMAAT	5-WKATTGTGMAAT	8.148445	-630.870832	0	T:4530.0(5.10%),B:2553.2(2.90%),P:1e-273	Tpos:100.8,Tstd:54.4,Bpos:100.8,Bstd:58.0,StrandBias:0.1,Multiplicity:1.06
0.418	0.001	0.192	0.389
0.185	0.071	0.399	0.345
0.564	0.086	0.336	0.014
0.001	0.001	0.001	0.997
0.001	0.001	0.001	0.997
0.152	0.032	0.493	0.323
0.198	0.001	0.100	0.701
0.001	0.001	0.997	0.001
0.402	0.403	0.001	0.194
0.997	0.001	0.001	0.001
0.997	0.001	0.001	0.001
0.137	0.215	0.085	0.563
>GTTAATBATTAA	6-GTTAATBATTAA	7.081710	-405.374641	0	T:4544.0(5.11%),B:2896.0(3.28%),P:1e-176	Tpos:99.8,Tstd:54.0,Bpos:100.7,Bstd:61.0,StrandBias:0.0,Multiplicity:1.07
0.301	0.054	0.562	0.083
0.058	0.050	0.067	0.825
0.098	0.065	0.076	0.761
0.859	0.052	0.039	0.050
0.835	0.077	0.028	0.060
0.128	0.032	0.037	0.803
0.117	0.264	0.366	0.254
0.728	0.040	0.036	0.196
0.056	0.043	0.067	0.834
0.043	0.031	0.071	0.855
0.718	0.056	0.052	0.174
0.848	0.057	0.031	0.064
>TGACCTTTGGCC	7-TGACCTTTGGCC	6.542827	-366.503819	0	T:12885.0(14.49%),B:10148.1(11.51%),P:1e-159	Tpos:99.9,Tstd:53.7,Bpos:99.9,Bstd:56.2,StrandBias:0.0,Multiplicity:1.10
0.064	0.049	0.057	0.830
0.240	0.034	0.689	0.037
0.449	0.251	0.263	0.038
0.311	0.616	0.030	0.043
0.051	0.875	0.026	0.048
0.026	0.050	0.010	0.914
0.019	0.083	0.057	0.841
0.028	0.026	0.066	0.880
0.030	0.030	0.648	0.292
0.198	0.297	0.455	0.050
0.059	0.667	0.026	0.248
0.249	0.469	0.023	0.259
>TGGCAGGMAGCC	8-TGGCAGGMAGCC	6.757506	-306.394107	0	T:12978.0(14.60%),B:10446.3(11.85%),P:1e-133	Tpos:100.7,Tstd:54.2,Bpos:100.5,Bstd:55.7,StrandBias:-0.0,Multiplicity:1.13
0.088	0.035	0.084	0.793
0.087	0.042	0.831	0.040
0.077	0.286	0.621	0.016
0.055	0.875	0.063	0.007
0.725	0.016	0.049	0.210
0.152	0.025	0.763	0.060
0.189	0.212	0.585	0.014
0.521	0.381	0.070	0.028
0.480	0.027	0.165	0.329
0.033	0.085	0.746	0.136
0.170	0.651	0.055	0.124
0.053	0.758	0.030	0.159
>AGGTCAVTGACC	9-AGGTCAVTGACC	7.459751	-205.168550	0	T:5315.0(5.98%),B:3980.4(4.51%),P:1e-89	Tpos:99.6,Tstd:54.4,Bpos:101.0,Bstd:55.9,StrandBias:0.0,Multiplicity:1.05
0.831	0.001	0.109	0.059
0.069	0.002	0.910	0.019
0.007	0.055	0.903	0.035
0.147	0.085	0.164	0.604
0.031	0.886	0.062	0.021
0.892	0.041	0.024	0.043
0.305	0.297	0.268	0.131
0.139	0.006	0.075	0.780
0.033	0.026	0.925	0.016
0.573	0.157	0.147	0.123
0.107	0.782	0.086	0.025
0.131	0.774	0.003	0.092
>CCAGSCCTGGCC	10-CCAGSCCTGGCC	8.200950	-181.152702	0	T:8966.0(10.09%),B:7308.0(8.29%),P:1e-78	Tpos:100.9,Tstd:55.8,Bpos:101.1,Bstd:56.2,StrandBias:0.0,Multiplicity:1.09
0.208	0.435	0.201	0.156
0.029	0.969	0.001	0.001
0.740	0.101	0.010	0.149
0.059	0.001	0.939	0.001
0.186	0.335	0.453	0.026
0.001	0.742	0.171	0.086
0.001	0.992	0.006	0.001
0.357	0.001	0.040	0.602
0.001	0.001	0.970	0.028
0.142	0.156	0.551	0.151
0.013	0.707	0.265	0.015
0.189	0.565	0.007	0.239
>AGATTACATCAG	11-AGATTACATCAG	7.657366	-177.482122	0	T:1734.0(1.95%),B:1064.5(1.21%),P:1e-77	Tpos:99.5,Tstd:55.2,Bpos:99.0,Bstd:53.9,StrandBias:-0.2,Multiplicity:1.01
0.772	0.039	0.077	0.112
0.097	0.092	0.746	0.065
0.740	0.084	0.090	0.086
0.075	0.070	0.076	0.779
0.078	0.102	0.154	0.666
0.708	0.083	0.104	0.105
0.097	0.764	0.076	0.063
0.752	0.100	0.049	0.099
0.084	0.085	0.118	0.713
0.088	0.771	0.077	0.064
0.869	0.029	0.024	0.078
0.076	0.100	0.718	0.106
>AGGGGAATTCCC	12-AGGGGAATTCCC	8.025858	-170.894642	0	T:3113.0(3.50%),B:2194.9(2.49%),P:1e-74	Tpos:98.7,Tstd:55.9,Bpos:100.6,Bstd:55.6,StrandBias:-0.1,Multiplicity:1.02
0.495	0.086	0.218	0.201
0.156	0.003	0.813	0.028
0.077	0.001	0.916	0.006
0.143	0.001	0.848	0.008
0.291	0.016	0.692	0.001
0.761	0.120	0.114	0.005
0.670	0.129	0.082	0.119
0.100	0.105	0.181	0.614
0.003	0.132	0.071	0.794
0.005	0.827	0.044	0.124
0.018	0.961	0.001	0.020
0.109	0.758	0.008	0.125
>CAAATATTTACT	13-CAAATATTTACT	9.588057	-166.535387	0	T:1061.0(1.19%),B:573.8(0.65%),P:1e-72	Tpos:97.1,Tstd:53.1,Bpos:101.7,Bstd:57.6,StrandBias:-0.1,Multiplicity:1.01
0.039	0.652	0.146	0.163
0.813	0.096	0.038	0.053
0.980	0.002	0.017	0.001
0.814	0.069	0.108	0.009
0.009	0.081	0.010	0.900
0.746	0.049	0.159	0.046
0.001	0.001	0.001	0.997
0.027	0.003	0.025	0.945
0.052	0.016	0.067	0.865
0.759	0.004	0.183	0.054
0.077	0.774	0.013	0.136
0.138	0.079	0.001	0.782
>ATTASGCAAGAG	14-ATTASGCAAGAG	9.836114	-162.201105	0	T:767.0(0.86%),B:371.6(0.42%),P:1e-70	Tpos:99.9,Tstd:52.0,Bpos:100.8,Bstd:53.0,StrandBias:0.1,Multiplicity:1.02
0.739	0.082	0.158	0.021
0.083	0.001	0.001	0.915
0.002	0.001	0.352	0.645
0.585	0.043	0.165	0.207
0.216	0.311	0.414	0.059
0.140	0.278	0.459	0.123
0.191	0.807	0.001	0.001
0.997	0.001	0.001	0.001
0.955	0.001	0.043	0.001
0.001	0.271	0.727	0.001
0.972	0.001	0.026	0.001
0.013	0.015	0.971	0.001
>AAAAAAAAAAAA	15-AAAAAAAAAAAA	9.176405	-159.229551	0	T:3655.0(4.11%),B:2682.9(3.04%),P:1e-69	Tpos:102.0,Tstd:55.9,Bpos:100.2,Bstd:63.1,StrandBias:-0.0,Multiplicity:1.05
0.700	0.038	0.179	0.083
0.786	0.046	0.069	0.099
0.782	0.146	0.071	0.001
0.816	0.147	0.034	0.003
0.895	0.090	0.012	0.003
0.712	0.135	0.069	0.084
0.789	0.143	0.065	0.003
0.753	0.153	0.059	0.035
0.644	0.176	0.109	0.071
0.619	0.195	0.021	0.165
0.568	0.195	0.113	0.124
0.523	0.239	0.051	0.187
>ACACTGTTTACA	16-ACACTGTTTACA	9.393097	-158.713447	0	T:930.0(1.05%),B:488.1(0.55%),P:1e-68	Tpos:100.8,Tstd:54.5,Bpos:103.3,Bstd:61.3,StrandBias:0.0,Multiplicity:1.01
0.659	0.088	0.124	0.129
0.080	0.817	0.047	0.056
0.823	0.065	0.001	0.111
0.080	0.801	0.097	0.022
0.001	0.001	0.001	0.997
0.004	0.001	0.994	0.001
0.073	0.027	0.063	0.837
0.001	0.001	0.039	0.959
0.001	0.060	0.165	0.774
0.695	0.110	0.018	0.177
0.068	0.771	0.100	0.061
0.819	0.108	0.001	0.072
>GTGTTGCAACAC	17-GTGTTGCAACAC	8.270885	-157.278674	0	T:1543.0(1.74%),B:948.9(1.08%),P:1e-68	Tpos:99.8,Tstd:53.6,Bpos:98.7,Bstd:58.2,StrandBias:-0.0,Multiplicity:1.02
0.147	0.171	0.536	0.146
0.076	0.025	0.158	0.741
0.173	0.092	0.616	0.119
0.033	0.169	0.006	0.792
0.031	0.001	0.033	0.935
0.047	0.047	0.588	0.318
0.045	0.836	0.063	0.056
0.692	0.279	0.012	0.017
0.807	0.069	0.019	0.105
0.043	0.907	0.049	0.001
0.885	0.066	0.005	0.044
0.102	0.635	0.157	0.106
>ATTTCGTAATCG	18-ATTTCGTAATCG	8.502709	-155.158349	0	T:1163.0(1.31%),B:663.0(0.75%),P:1e-67	Tpos:99.6,Tstd:54.9,Bpos:101.9,Bstd:58.7,StrandBias:0.2,Multiplicity:1.01
0.575	0.014	0.410	0.001
0.001	0.114	0.001	0.884
0.001	0.018	0.001	0.980
0.064	0.001	0.011	0.924
0.001	0.842	0.076	0.081
0.169	0.169	0.514	0.148
0.242	0.019	0.053	0.686
0.573	0.216	0.089	0.122
0.795	0.203	0.001	0.001
0.047	0.017	0.001	0.935
0.147	0.581	0.075	0.197
0.206	0.025	0.560	0.209
>ATTGATTTYGCA	19-ATTGATTTYGCA	9.857632	-140.629550	0	T:706.0(0.79%),B:350.8(0.40%),P:1e-61	Tpos:93.5,Tstd:56.8,Bpos:102.8,Bstd:56.9,StrandBias:0.4,Multiplicity:1.02
0.892	0.044	0.002	0.062
0.047	0.183	0.112	0.658
0.014	0.001	0.039	0.946
0.096	0.070	0.687	0.147
0.969	0.011	0.018	0.002
0.001	0.001	0.015	0.983
0.001	0.001	0.001	0.997
0.001	0.039	0.045	0.915
0.067	0.389	0.227	0.316
0.101	0.213	0.466	0.220
0.064	0.870	0.065	0.001
0.969	0.001	0.001	0.029
>TTCCCTACCGTA	20-TTCCCTACCGTA	11.130180	-109.325314	0	T:85.0(0.10%),B:10.1(0.01%),P:1e-47	Tpos:90.0,Tstd:56.5,Bpos:105.3,Bstd:52.9,StrandBias:-0.3,Multiplicity:1.00
0.038	0.085	0.110	0.767
0.018	0.018	0.083	0.881
0.018	0.951	0.008	0.023
0.015	0.914	0.003	0.068
0.010	0.954	0.003	0.033
0.131	0.033	0.027	0.809
0.720	0.196	0.017	0.067
0.173	0.794	0.018	0.015
0.031	0.929	0.020	0.020
0.014	0.104	0.869	0.013
0.074	0.111	0.041	0.774
0.643	0.168	0.071	0.118
>GTAAACTCGTCG	21-GTAAACTCGTCG	10.713086	-107.963031	0	T:69.0(0.08%),B:6.4(0.01%),P:1e-46	Tpos:102.4,Tstd:53.1,Bpos:106.4,Bstd:66.8,StrandBias:0.6,Multiplicity:1.00
0.008	0.001	0.960	0.031
0.001	0.001	0.246	0.752
0.926	0.001	0.054	0.019
0.876	0.078	0.045	0.001
0.711	0.163	0.001	0.125
0.007	0.991	0.001	0.001
0.150	0.001	0.100	0.749
0.044	0.829	0.001	0.126
0.031	0.001	0.792	0.176
0.017	0.194	0.071	0.718
0.095	0.833	0.064	0.008
0.071	0.095	0.826	0.008
>CGCCCTGCCCTG	22-CGCCCTGCCCTG	10.784271	-102.665926	0	T:46.0(0.05%),B:2.9(0.00%),P:1e-44	Tpos:82.8,Tstd:50.3,Bpos:104.2,Bstd:32.8,StrandBias:0.5,Multiplicity:1.00
0.001	0.997	0.001	0.001
0.001	0.001	0.997	0.001
0.001	0.997	0.001	0.001
0.001	0.997	0.001	0.001
0.001	0.997	0.001	0.001
0.001	0.001	0.001	0.997
0.003	0.001	0.995	0.001
0.010	0.988	0.001	0.001
0.001	0.997	0.001	0.001
0.001	0.997	0.001	0.001
0.001	0.001	0.001	0.997
0.001	0.001	0.997	0.001
>AGTCCGCGGAAT	23-AGTCCGCGGAAT	12.104527	-99.537357	0	T:45.0(0.05%),B:2.3(0.00%),P:1e-43	Tpos:99.5,Tstd:59.8,Bpos:175.7,Bstd:18.3,StrandBias:-0.7,Multiplicity:1.00
0.984	0.003	0.003	0.010
0.043	0.028	0.919	0.010
0.141	0.053	0.038	0.768
0.010	0.934	0.050	0.006
0.016	0.709	0.010	0.265
0.028	0.041	0.887	0.044
0.013	0.770	0.201	0.016
0.230	0.041	0.672	0.057
0.035	0.069	0.880	0.016
0.958	0.019	0.013	0.010
0.742	0.028	0.077	0.153
0.026	0.088	0.100	0.786
>GTTTATCTTTGT	24-GTTTATCTTTGT	12.585928	-98.930996	0	T:51.0(0.06%),B:3.6(0.00%),P:1e-42	Tpos:91.2,Tstd:68.8,Bpos:126.3,Bstd:50.7,StrandBias:-0.6,Multiplicity:1.00
0.001	0.001	0.997	0.001
0.001	0.001	0.001	0.997
0.001	0.001	0.001	0.997
0.001	0.001	0.001	0.997
0.997	0.001	0.001	0.001
0.001	0.141	0.001	0.857
0.001	0.997	0.001	0.001
0.003	0.001	0.001	0.995
0.001	0.001	0.001	0.997
0.021	0.001	0.001	0.977
0.001	0.001	0.997	0.001
0.001	0.001	0.001	0.997
>CTGCTCGCACAG	25-CTGCTCGCACAG	13.359099	-84.309077	0	T:55.0(0.06%),B:5.7(0.01%),P:1e-36	Tpos:88.3,Tstd:62.6,Bpos:109.6,Bstd:33.3,StrandBias:1.2,Multiplicity:1.00
0.001	0.997	0.001	0.001
0.001	0.266	0.288	0.445
0.001	0.001	0.711	0.287
0.001	0.997	0.001	0.001
0.001	0.001	0.001	0.997
0.001	0.784	0.214	0.001
0.001	0.001	0.997	0.001
0.001	0.997	0.001	0.001
0.997	0.001	0.001	0.001
0.051	0.947	0.001	0.001
0.841	0.157	0.001	0.001
0.051	0.203	0.745	0.001
>TGACTCAT	1-TGACTCAT	6.809513	-1923.924630	0	T:7198.0(8.10%),B:3183.1(3.61%),P:1e-835	Tpos:100.9,Tstd:53.9,Bpos:101.2,Bstd:56.7,StrandBias:0.0,Multiplicity:1.08
0.001	0.001	0.001	0.997
0.001	0.001	0.982	0.016
0.997	0.001	0.001	0.001
0.053	0.655	0.256	0.036
0.001	0.001	0.008	0.990
0.031	0.967	0.001	0.001
0.997	0.001	0.001	0.001
0.014	0.161	0.118	0.707
>TTGCGTAA	2-TTGCGTAA	5.708458	-821.022083	0	T:10558.0(11.88%),B:7020.1(7.96%),P:1e-356	Tpos:100.0,Tstd:54.7,Bpos:100.4,Bstd:60.4,StrandBias:0.0,Multiplicity:1.11
0.113	0.051	0.054	0.782
0.038	0.033	0.022	0.907
0.124	0.028	0.727	0.121
0.054	0.604	0.021	0.321
0.199	0.022	0.716	0.063
0.170	0.175	0.032	0.623
0.741	0.221	0.028	0.010
0.900	0.042	0.021	0.037
>AGGAAGTG	3-AGGAAGTG	4.173008	-615.274589	0	T:22626.0(25.45%),B:18146.3(20.58%),P:1e-267	Tpos:100.2,Tstd:55.3,Bpos:99.7,Bstd:57.2,StrandBias:0.0,Multiplicity:1.16
0.876	0.001	0.122	0.001
0.001	0.001	0.997	0.001
0.001	0.001	0.997	0.001
0.997	0.001	0.001	0.001
0.997	0.001	0.001	0.001
0.144	0.001	0.854	0.001
0.001	0.047	0.001	0.951
0.109	0.060	0.703	0.128
>TGACCTNT	4-TGACCTNT	5.074042	-614.116952	0	T:22893.0(25.75%),B:18395.7(20.87%),P:1e-266	Tpos:99.3,Tstd:55.0,Bpos:100.6,Bstd:57.1,StrandBias:0.0,Multiplicity:1.17
0.093	0.161	0.001	0.745
0.132	0.001	0.777	0.090
0.600	0.227	0.081	0.092
0.247	0.557	0.043	0.153
0.189	0.742	0.027	0.042
0.014	0.120	0.262	0.604
0.229	0.290	0.199	0.282
0.218	0.048	0.143	0.591
>NCGNNWNN	5-NCGNNWNN	3.284627	-560.516092	0	T:47239.0(53.14%),B:41916.6(47.55%),P:1e-243	Tpos:100.1,Tstd:55.4,Bpos:99.6,Bstd:61.8,StrandBias:-0.0,Multiplicity:1.62
0.294	0.203	0.248	0.256
0.001	0.997	0.001	0.001
0.001	0.001	0.997	0.001
0.248	0.241	0.195	0.316
0.262	0.193	0.215	0.330
0.419	0.224	0.001	0.356
0.257	0.201	0.229	0.313
0.322	0.217	0.220	0.241
>TCTTGGCA	6-TCTTGGCA	5.138540	-542.043314	0	T:33355.0(37.52%),B:28484.5(32.31%),P:1e-235	Tpos:99.9,Tstd:55.3,Bpos:100.9,Bstd:57.2,StrandBias:0.0,Multiplicity:1.17
0.190	0.199	0.164	0.448
0.049	0.523	0.077	0.351
0.049	0.137	0.068	0.746
0.054	0.075	0.173	0.698
0.048	0.267	0.671	0.014
0.049	0.032	0.881	0.038
0.162	0.722	0.072	0.044
0.663	0.033	0.032	0.272
>CYTGGCAR	7-CYTGGCAR	5.854288	-509.270787	0	T:20516.0(23.08%),B:16574.9(18.80%),P:1e-221	Tpos:100.7,Tstd:55.3,Bpos:100.3,Bstd:57.4,StrandBias:0.0,Multiplicity:1.19
0.053	0.484	0.265	0.198
0.001	0.399	0.127	0.474
0.023	0.036	0.075	0.866
0.001	0.084	0.914	0.001
0.001	0.290	0.708	0.001
0.118	0.844	0.037	0.001
0.728	0.140	0.047	0.085
0.402	0.157	0.347	0.095
>TATTTRCT	8-TATTTRCT	4.799770	-456.624318	0	T:16314.0(18.35%),B:12930.0(14.67%),P:1e-198	Tpos:100.1,Tstd:55.8,Bpos:99.4,Bstd:59.9,StrandBias:0.0,Multiplicity:1.16
0.001	0.001	0.001	0.997
0.767	0.001	0.231	0.001
0.001	0.001	0.001	0.997
0.001	0.001	0.001	0.997
0.001	0.001	0.001	0.997
0.518	0.001	0.480	0.001
0.001	0.908	0.001	0.090
0.188	0.178	0.040	0.594
>TGCGTAAT	9-TGCGTAAT	4.440248	-430.838759	0	T:22138.0(24.90%),B:18367.9(20.83%),P:1e-187	Tpos:100.3,Tstd:55.9,Bpos:99.3,Bstd:59.8,StrandBias:-0.0,Multiplicity:1.17
0.007	0.412	0.012	0.569
0.148	0.108	0.666	0.078
0.173	0.681	0.044	0.102
0.032	0.048	0.732	0.188
0.168	0.076	0.071	0.685
0.789	0.043	0.095	0.073
0.697	0.130	0.104	0.069
0.170	0.113	0.054	0.663
>GTTAACCG	10-GTTAACCG	5.314917	-388.584609	0	T:14776.0(16.62%),B:11774.5(13.36%),P:1e-168	Tpos:99.9,Tstd:55.6,Bpos:99.5,Bstd:60.7,StrandBias:0.0,Multiplicity:1.13
0.205	0.001	0.651	0.143
0.015	0.024	0.081	0.880
0.235	0.029	0.020	0.716
0.816	0.001	0.003	0.180
0.985	0.006	0.001	0.008
0.156	0.633	0.001	0.210
0.302	0.696	0.001	0.001
0.164	0.074	0.612	0.150
>CGGAYTGT	11-CGGAYTGT	4.459812	-370.898319	0	T:23611.0(26.56%),B:19997.1(22.68%),P:1e-161	Tpos:99.9,Tstd:56.0,Bpos:100.9,Bstd:60.6,StrandBias:0.0,Multiplicity:1.13
0.025	0.973	0.001	0.001
0.001	0.149	0.849	0.001
0.001	0.121	0.602	0.276
0.598	0.001	0.119	0.282
0.089	0.365	0.170	0.375
0.385	0.001	0.001	0.613
0.268	0.001	0.492	0.239
0.308	0.058	0.147	0.487
>AAATCAAT	12-AAATCAAT	5.314407	-311.080650	0	T:3947.0(4.44%),B:2586.9(2.93%),P:1e-135	Tpos:100.3,Tstd:55.8,Bpos:99.9,Bstd:58.2,StrandBias:0.0,Multiplicity:1.05
0.706	0.198	0.001	0.095
0.997	0.001	0.001	0.001
0.997	0.001	0.001	0.001
0.001	0.001	0.001	0.997
0.001	0.997	0.001	0.001
0.848	0.001	0.150	0.001
0.892	0.001	0.001	0.106
0.001	0.001	0.001	0.997
>TTCCCGGA	13-TTCCCGGA	5.427805	-299.446886	0	T:19199.0(21.60%),B:16196.6(18.37%),P:1e-130	Tpos:100.7,Tstd:56.1,Bpos:100.5,Bstd:58.9,StrandBias:-0.0,Multiplicity:1.13
0.033	0.001	0.001	0.965
0.119	0.115	0.106	0.660
0.149	0.677	0.001	0.173
0.027	0.787	0.142	0.044
0.040	0.829	0.086	0.045
0.122	0.090	0.787	0.001
0.134	0.001	0.697	0.168
0.587	0.117	0.153	0.143
>CCAGCCTG	14-CCAGCCTG	3.074785	-258.174474	0	T:18562.0(20.88%),B:15798.9(17.92%),P:1e-112	Tpos:98.9,Tstd:56.6,Bpos:100.6,Bstd:58.0,StrandBias:0.0,Multiplicity:1.20
0.001	0.997	0.001	0.001
0.001	0.580	0.001	0.418
0.550	0.202	0.247	0.001
0.001	0.001	0.997	0.001
0.001	0.997	0.001	0.001
0.001	0.782	0.001	0.216
0.261	0.001	0.001	0.737
0.001	0.001	0.997	0.001
>CCACTAGA	15-CCACTAGA	7.982460	-236.513039	0	T:1426.0(1.60%),B:755.3(0.86%),P:1e-102	Tpos:98.7,Tstd:48.2,Bpos:99.6,Bstd:57.3,StrandBias:-0.1,Multiplicity:1.01
0.001	0.997	0.001	0.001
0.001	0.936	0.062	0.001
0.997	0.001	0.001	0.001
0.001	0.997	0.001	0.001
0.001	0.001	0.001	0.997
0.997	0.001	0.001	0.001
0.001	0.001	0.997	0.001
0.734	0.001	0.264	0.001
>TTAGTCAT	16-TTAGTCAT	8.746535	-210.700829	0	T:1472.0(1.66%),B:819.2(0.93%),P:1e-91	Tpos:103.4,Tstd:54.8,Bpos:102.0,Bstd:61.1,StrandBias:-0.1,Multiplicity:1.02
0.001	0.001	0.001	0.997
0.001	0.001	0.001	0.997
0.997	0.001	0.001	0.001
0.001	0.001	0.997	0.001
0.001	0.001	0.001	0.997
0.001	0.997	0.001	0.001
0.997	0.001	0.001	0.001
0.001	0.300	0.098	0.601
>TTCCTGTT	17-TTCCTGTT	7.368714	-200.291644	0	T:11503.0(12.94%),B:9537.5(10.82%),P:1e-86	Tpos:99.7,Tstd:55.4,Bpos:100.5,Bstd:58.2,StrandBias:-0.1,Multiplicity:1.08
0.001	0.001	0.001	0.997
0.001	0.001	0.001	0.997
0.001	0.696	0.001	0.302
0.001	0.997	0.001	0.001
0.259	0.001	0.087	0.653
0.001	0.314	0.684	0.001
0.001	0.001	0.001	0.997
0.001	0.001	0.001	0.997
>CCCCCCCC	18-CCCCCCCC	6.062740	-195.977975	0	T:24549.0(27.61%),B:21812.5(24.74%),P:1e-85	Tpos:99.2,Tstd:56.1,Bpos:99.1,Bstd:57.3,StrandBias:-0.1,Multiplicity:1.38
0.001	0.697	0.026	0.276
0.124	0.874	0.001	0.001
0.160	0.698	0.001	0.141
0.194	0.679	0.001	0.126
0.115	0.883	0.001	0.001
0.071	0.734	0.194	0.001
0.001	0.815	0.183	0.001
0.001	0.668	0.330	0.001
>GTGACACA	19-GTGACACA	7.478716	-174.538053	0	T:2781.0(3.13%),B:1910.7(2.17%),P:1e-75	Tpos:96.3,Tstd:54.7,Bpos:99.5,Bstd:59.0,StrandBias:0.3,Multiplicity:1.03
0.236	0.001	0.762	0.001
0.001	0.046	0.001	0.952
0.001	0.001	0.911	0.087
0.997	0.001	0.001	0.001
0.001	0.997	0.001	0.001
0.856	0.001	0.142	0.001
0.001	0.997	0.001	0.001
0.997	0.001	0.001	0.001
>TGGACTTT	20-TGGACTTT	7.281636	-142.846200	0	T:4547.0(5.11%),B:3504.5(3.98%),P:1e-62	Tpos:100.3,Tstd:56.1,Bpos:99.3,Bstd:58.4,StrandBias:0.0,Multiplicity:1.03
0.001	0.042	0.095	0.862
0.001	0.129	0.718	0.152
0.001	0.001	0.817	0.181
0.997	0.001	0.001	0.001
0.001	0.997	0.001	0.001
0.001	0.001	0.001	0.997
0.001	0.087	0.001	0.911
0.001	0.001	0.001	0.997
>TGATGTCA	21-TGATGTCA	9.771039	-123.773806	0	T:1522.0(1.71%),B:989.1(1.12%),P:1e-53	Tpos:96.6,Tstd:54.3,Bpos:97.0,Bstd:55.0,StrandBias:0.0,Multiplicity:1.02
0.001	0.001	0.001	0.997
0.001	0.001	0.997	0.001
0.997	0.001	0.001	0.001
0.001	0.001	0.001	0.997
0.001	0.001	0.997	0.001
0.001	0.001	0.001	0.997
0.273	0.725	0.001	0.001
0.997	0.001	0.001	0.001
>CGCCCTCT	22-CGCCCTCT	7.389150	-115.349137	0	T:3454.0(3.89%),B:2638.9(2.99%),P:1e-50	Tpos:100.0,Tstd:56.2,Bpos:100.5,Bstd:57.5,StrandBias:0.2,Multiplicity:1.02
0.158	0.840	0.001	0.001
0.001	0.001	0.997	0.001
0.001	0.997	0.001	0.001
0.074	0.924	0.001	0.001
0.001	0.997	0.001	0.001
0.193	0.001	0.001	0.805
0.040	0.824	0.001	0.135
0.001	0.001	0.001	0.997
>AGGGGGCA	23-AGGGGGCA	8.447316	-112.096782	0	T:3364.0(3.78%),B:2570.2(2.92%),P:1e-48	Tpos:99.2,Tstd:51.8,Bpos:103.2,Bstd:55.9,StrandBias:-0.1,Multiplicity:1.03
0.997	0.001	0.001	0.001
0.001	0.001	0.997	0.001
0.001	0.001	0.997	0.001
0.001	0.001	0.677	0.321
0.001	0.001	0.997	0.001
0.001	0.001	0.997	0.001
0.001	0.891	0.001	0.107
0.997	0.001	0.001	0.001
>DTGCAACR	24-DTGCAACR	5.279133	-106.740098	0	T:918.0(1.03%),B:545.7(0.62%),P:1e-46	Tpos:98.3,Tstd:53.8,Bpos:99.8,Bstd:60.3,StrandBias:-0.0,Multiplicity:1.01
0.302	0.158	0.201	0.339
0.184	0.214	0.113	0.490
0.134	0.159	0.569	0.138
0.206	0.480	0.130	0.184
0.597	0.164	0.154	0.085
0.627	0.147	0.078	0.148
0.133	0.610	0.103	0.154
0.289	0.189	0.347	0.174
>AAAAAAAA	25-AAAAAAAA	8.479055	-77.507737	0	T:4274.0(4.81%),B:3512.8(3.98%),P:1e-33	Tpos:102.6,Tstd:57.0,Bpos:99.6,Bstd:64.1,StrandBias:-0.0,Multiplicity:1.05
0.997	0.001	0.001	0.001
0.997	0.001	0.001	0.001
0.997	0.001	0.001	0.001
0.997	0.001	0.001	0.001
0.997	0.001	0.001	0.001
0.997	0.001	0.001	0.001
0.997	0.001	0.001	0.001
0.923	0.075	0.001	0.001
