>CCACYAGGKGGC	1-CCACYAGGKGGC,BestGuess:CTCF/MA0139.2/Jaspar(0.937)	10.665754	-2631.558843	0	T:2272.0(2.56%),B:301.8(0.34%),P:1e-1142
0.124	0.852	0.001	0.023
0.001	0.997	0.001	0.001
0.977	0.001	0.001	0.021
0.001	0.812	0.186	0.001
0.223	0.337	0.041	0.400
0.944	0.001	0.001	0.054
0.001	0.001	0.997	0.001
0.374	0.001	0.624	0.001
0.001	0.001	0.473	0.525
0.001	0.001	0.997	0.001
0.001	0.001	0.857	0.141
0.178	0.650	0.001	0.171
>RTGASTCAYN	1-RTGASTCAYN,BestGuess:Fra1(bZIP)/BT549-Fra1-ChIP-Seq(GSE46166)/Homer(0.988)	7.764187	-2080.168672	0	T:5276.0(5.93%),B:1886.2(2.14%),P:1e-903
0.395	0.149	0.373	0.084
0.001	0.005	0.001	0.993
0.016	0.013	0.825	0.146
0.917	0.062	0.005	0.016
0.133	0.452	0.309	0.106
0.009	0.001	0.012	0.978
0.126	0.862	0.004	0.008
0.997	0.001	0.001	0.001
0.081	0.355	0.186	0.379
0.261	0.261	0.181	0.297
>RTTGCGWAAY	2-RTTGCGWAAY,BestGuess:CEBPG/MA0838.1/Jaspar(0.906)	6.827346	-1303.567056	0	T:7648.0(8.60%),B:4062.8(4.61%),P:1e-566
0.386	0.220	0.303	0.090
0.076	0.010	0.001	0.913
0.001	0.001	0.001	0.997
0.001	0.001	0.798	0.200
0.165	0.752	0.001	0.082
0.327	0.100	0.510	0.063
0.305	0.260	0.001	0.434
0.579	0.419	0.001	0.001
0.997	0.001	0.001	0.001
0.106	0.319	0.139	0.436
>ACTTCCTSTT	4-ACTTCCTSTT,BestGuess:ELF3(ETS)/PDAC-ELF3-ChIP-Seq(GSE64557)/Homer(0.961)	7.115791	-826.520574	0	T:16123.0(18.14%),B:11728.3(13.30%),P:1e-358
0.650	0.087	0.197	0.066
0.001	0.676	0.012	0.311
0.077	0.001	0.001	0.921
0.006	0.001	0.001	0.992
0.001	0.974	0.001	0.024
0.001	0.997	0.001	0.001
0.001	0.179	0.001	0.819
0.030	0.365	0.512	0.093
0.110	0.173	0.230	0.487
0.168	0.291	0.058	0.484
>NTGACCTYTN	6-NTGACCTYTN,BestGuess:RARa(NR)/K562-RARa-ChIP-Seq(Encode)/Homer(0.880)	4.772610	-632.229689	0	T:24912.0(28.02%),B:20195.7(22.91%),P:1e-274
0.219	0.247	0.229	0.304
0.018	0.304	0.093	0.585
0.321	0.009	0.633	0.037
0.486	0.279	0.231	0.003
0.285	0.469	0.028	0.217
0.007	0.742	0.243	0.008
0.011	0.186	0.155	0.648
0.192	0.278	0.159	0.372
0.211	0.149	0.184	0.456
0.186	0.189	0.322	0.304
>TGTTTACWCA	7-TGTTTACWCA,BestGuess:Foxa2(Forkhead)/Liver-Foxa2-ChIP-Seq(GSE25694)/Homer(0.950)	7.066150	-624.882877	0	T:7487.0(8.42%),B:4871.6(5.53%),P:1e-271
0.001	0.008	0.001	0.990
0.189	0.001	0.809	0.001
0.159	0.023	0.110	0.708
0.001	0.001	0.001	0.997
0.001	0.001	0.253	0.745
0.868	0.084	0.047	0.001
0.030	0.791	0.001	0.178
0.431	0.121	0.031	0.418
0.107	0.641	0.070	0.182
0.509	0.118	0.132	0.241
>NCGNNWNN	5-NCGNNWNN,BestGuess:Gmeb1/MA0615.2/Jaspar(0.758)	3.284627	-560.516092	0	T:47239.0(53.14%),B:41916.6(47.55%),P:1e-243
0.294	0.203	0.248	0.256
0.001	0.997	0.001	0.001
0.001	0.001	0.997	0.001
0.248	0.241	0.195	0.316
0.262	0.193	0.215	0.330
0.419	0.224	0.001	0.356
0.257	0.201	0.229	0.313
0.322	0.217	0.220	0.241
>TCTTGGCA	6-TCTTGGCA,BestGuess:NFIC/MA0161.3/Jaspar(0.932)	5.138540	-542.043314	0	T:33355.0(37.52%),B:28484.5(32.31%),P:1e-235
0.190	0.199	0.164	0.448
0.049	0.523	0.077	0.351
0.049	0.137	0.068	0.746
0.054	0.075	0.173	0.698
0.048	0.267	0.671	0.014
0.049	0.032	0.881	0.038
0.162	0.722	0.072	0.044
0.663	0.033	0.032	0.272
>GTTAATBATTAA	6-GTTAATBATTAA,BestGuess:HNF1b(Homeobox)/PDAC-HNF1B-ChIP-Seq(GSE64557)/Homer(0.982)	7.081710	-405.374641	0	T:4544.0(5.11%),B:2896.0(3.28%),P:1e-176
0.301	0.054	0.562	0.083
0.058	0.050	0.067	0.825
0.098	0.065	0.076	0.761
0.859	0.052	0.039	0.050
0.835	0.077	0.028	0.060
0.128	0.032	0.037	0.803
0.117	0.264	0.366	0.254
0.728	0.040	0.036	0.196
0.056	0.043	0.067	0.834
0.043	0.031	0.071	0.855
0.718	0.056	0.052	0.174
0.848	0.057	0.031	0.064
>NTTCCSGGAA	11-NTTCCSGGAA,BestGuess:Stat3(Stat)/mES-Stat3-ChIP-Seq(GSE11431)/Homer(0.872)	5.273317	-349.647367	0	T:5174.0(5.82%),B:3510.8(3.98%),P:1e-151
0.348	0.217	0.206	0.228
0.300	0.026	0.158	0.516
0.158	0.093	0.240	0.509
0.255	0.495	0.075	0.176
0.003	0.625	0.284	0.088
0.172	0.294	0.349	0.185
0.201	0.210	0.565	0.024
0.110	0.002	0.570	0.318
0.470	0.205	0.057	0.269
0.702	0.005	0.002	0.291
>AAATCAAT	12-AAATCAAT,BestGuess:ONECUT1/MA0679.3/Jaspar(0.952)	5.314407	-311.080650	0	T:3947.0(4.44%),B:2586.9(2.93%),P:1e-135
0.706	0.198	0.001	0.095
0.997	0.001	0.001	0.001
0.997	0.001	0.001	0.001
0.001	0.001	0.001	0.997
0.001	0.997	0.001	0.001
0.848	0.001	0.150	0.001
0.892	0.001	0.001	0.106
0.001	0.001	0.001	0.997
>TGGCAGGMAGCC	8-TGGCAGGMAGCC,BestGuess:Tlx?(NR)/NPC-H3K4me1-ChIP-Seq(GSE16256)/Homer(0.860)	6.757506	-306.394107	0	T:12978.0(14.60%),B:10446.3(11.85%),P:1e-133
0.088	0.035	0.084	0.793
0.087	0.042	0.831	0.040
0.077	0.286	0.621	0.016
0.055	0.875	0.063	0.007
0.725	0.016	0.049	0.210
0.152	0.025	0.763	0.060
0.189	0.212	0.585	0.014
0.521	0.381	0.070	0.028
0.480	0.027	0.165	0.329
0.033	0.085	0.746	0.136
0.170	0.651	0.055	0.124
0.053	0.758	0.030	0.159
>CCAGCCTG	14-CCAGCCTG,BestGuess:FEZF2/MA2341.1/Jaspar(0.783)	3.074785	-258.174474	0	T:18562.0(20.88%),B:15798.9(17.92%),P:1e-112
0.001	0.997	0.001	0.001
0.001	0.580	0.001	0.418
0.550	0.202	0.247	0.001
0.001	0.001	0.997	0.001
0.001	0.997	0.001	0.001
0.001	0.782	0.001	0.216
0.261	0.001	0.001	0.737
0.001	0.001	0.997	0.001
>CCCCCCCC	18-CCCCCCCC,BestGuess:Maz(Zf)/HepG2-Maz-ChIP-Seq(GSE31477)/Homer(0.910)	6.062740	-195.977975	0	T:24549.0(27.61%),B:21812.5(24.74%),P:1e-85
0.001	0.697	0.026	0.276
0.124	0.874	0.001	0.001
0.160	0.698	0.001	0.141
0.194	0.679	0.001	0.126
0.115	0.883	0.001	0.001
0.071	0.734	0.194	0.001
0.001	0.815	0.183	0.001
0.001	0.668	0.330	0.001
>AGATTACATCAG	11-AGATTACATCAG,BestGuess:ZNF85/MA1720.2/Jaspar(0.878)	7.657366	-177.482122	0	T:1734.0(1.95%),B:1064.5(1.21%),P:1e-77
0.772	0.039	0.077	0.112
0.097	0.092	0.746	0.065
0.740	0.084	0.090	0.086
0.075	0.070	0.076	0.779
0.078	0.102	0.154	0.666
0.708	0.083	0.104	0.105
0.097	0.764	0.076	0.063
0.752	0.100	0.049	0.099
0.084	0.085	0.118	0.713
0.088	0.771	0.077	0.064
0.869	0.029	0.024	0.078
0.076	0.100	0.718	0.106
>AGGGGAATTCCC	12-AGGGGAATTCCC,BestGuess:NFkB2-p52(RHD)/U266-NFKB2-ChIP-seq(GSE230466)/Homer(0.934)	8.025858	-170.894642	0	T:3113.0(3.50%),B:2194.9(2.49%),P:1e-74
0.495	0.086	0.218	0.201
0.156	0.003	0.813	0.028
0.077	0.001	0.916	0.006
0.143	0.001	0.848	0.008
0.291	0.016	0.692	0.001
0.761	0.120	0.114	0.005
0.670	0.129	0.082	0.119
0.100	0.105	0.181	0.614
0.003	0.132	0.071	0.794
0.005	0.827	0.044	0.124
0.018	0.961	0.001	0.020
0.109	0.758	0.008	0.125
>AAAAAAAAAAAA	15-AAAAAAAAAAAA,BestGuess:PB0182.1_Srf_2/Jaspar(0.886)	9.176405	-159.229551	0	T:3655.0(4.11%),B:2682.9(3.04%),P:1e-69
0.700	0.038	0.179	0.083
0.786	0.046	0.069	0.099
0.782	0.146	0.071	0.001
0.816	0.147	0.034	0.003
0.895	0.090	0.012	0.003
0.712	0.135	0.069	0.084
0.789	0.143	0.065	0.003
0.753	0.153	0.059	0.035
0.644	0.176	0.109	0.071
0.619	0.195	0.021	0.165
0.568	0.195	0.113	0.124
0.523	0.239	0.051	0.187
>TTCCCTACCGTA	20-TTCCCTACCGTA,BestGuess:ZNF784/MA1717.2/Jaspar(0.626)	11.130180	-109.325314	0	T:85.0(0.10%),B:10.1(0.01%),P:1e-47
0.038	0.085	0.110	0.767
0.018	0.018	0.083	0.881
0.018	0.951	0.008	0.023
0.015	0.914	0.003	0.068
0.010	0.954	0.003	0.033
0.131	0.033	0.027	0.809
0.720	0.196	0.017	0.067
0.173	0.794	0.018	0.015
0.031	0.929	0.020	0.020
0.014	0.104	0.869	0.013
0.074	0.111	0.041	0.774
0.643	0.168	0.071	0.118
>GTAAACTCGTCG	21-GTAAACTCGTCG,BestGuess:Foxo3(Forkhead)/U2OS-Foxo3-ChIP-Seq(E-MTAB-2701)/Homer(0.661)	10.713086	-107.963031	0	T:69.0(0.08%),B:6.4(0.01%),P:1e-46
0.008	0.001	0.960	0.031
0.001	0.001	0.246	0.752
0.926	0.001	0.054	0.019
0.876	0.078	0.045	0.001
0.711	0.163	0.001	0.125
0.007	0.991	0.001	0.001
0.150	0.001	0.100	0.749
0.044	0.829	0.001	0.126
0.031	0.001	0.792	0.176
0.017	0.194	0.071	0.718
0.095	0.833	0.064	0.008
0.071	0.095	0.826	0.008
>CGCCCTGCCCTG	22-CGCCCTGCCCTG,BestGuess:THAP1/MA0597.3/Jaspar(0.736)	10.784271	-102.665926	0	T:46.0(0.05%),B:2.9(0.00%),P:1e-44
0.001	0.997	0.001	0.001
0.001	0.001	0.997	0.001
0.001	0.997	0.001	0.001
0.001	0.997	0.001	0.001
0.001	0.997	0.001	0.001
0.001	0.001	0.001	0.997
0.003	0.001	0.995	0.001
0.010	0.988	0.001	0.001
0.001	0.997	0.001	0.001
0.001	0.997	0.001	0.001
0.001	0.001	0.001	0.997
0.001	0.001	0.997	0.001
>AGTCCGCGGAAT	23-AGTCCGCGGAAT,BestGuess:ZBTB14/MA1650.2/Jaspar(0.612)	12.104527	-99.537357	0	T:45.0(0.05%),B:2.3(0.00%),P:1e-43
0.984	0.003	0.003	0.010
0.043	0.028	0.919	0.010
0.141	0.053	0.038	0.768
0.010	0.934	0.050	0.006
0.016	0.709	0.010	0.265
0.028	0.041	0.887	0.044
0.013	0.770	0.201	0.016
0.230	0.041	0.672	0.057
0.035	0.069	0.880	0.016
0.958	0.019	0.013	0.010
0.742	0.028	0.077	0.153
0.026	0.088	0.100	0.786
>GTTTATCTTTGT	24-GTTTATCTTTGT,BestGuess:SOX10/MA0442.3/Jaspar(0.715)	12.585928	-98.930996	0	T:51.0(0.06%),B:3.6(0.00%),P:1e-42
0.001	0.001	0.997	0.001
0.001	0.001	0.001	0.997
0.001	0.001	0.001	0.997
0.001	0.001	0.001	0.997
0.997	0.001	0.001	0.001
0.001	0.141	0.001	0.857
0.001	0.997	0.001	0.001
0.003	0.001	0.001	0.995
0.001	0.001	0.001	0.997
0.021	0.001	0.001	0.977
0.001	0.001	0.997	0.001
0.001	0.001	0.001	0.997
>CACGGTCGTG	16-CACGGTCGTG,BestGuess:Npas4(bHLH)/Neuron-Npas4-ChIP-Seq(GSE127793)/Homer(0.668)	12.852403	-89.146365	0	T:57.0(0.06%),B:5.7(0.01%),P:1e-38
0.001	0.997	0.001	0.001
0.997	0.001	0.001	0.001
0.001	0.997	0.001	0.001
0.001	0.001	0.997	0.001
0.001	0.374	0.624	0.001
0.001	0.001	0.001	0.997
0.001	0.997	0.001	0.001
0.001	0.001	0.997	0.001
0.001	0.001	0.001	0.997
0.001	0.001	0.997	0.001
>CTGCTCGCACAG	25-CTGCTCGCACAG,BestGuess:AR-halfsite(NR)/LNCaP-AR-ChIP-Seq(GSE27824)/Homer(0.634)	13.359099	-84.309077	0	T:55.0(0.06%),B:5.7(0.01%),P:1e-36
0.001	0.997	0.001	0.001
0.001	0.266	0.288	0.445
0.001	0.001	0.711	0.287
0.001	0.997	0.001	0.001
0.001	0.001	0.001	0.997
0.001	0.784	0.214	0.001
0.001	0.001	0.997	0.001
0.001	0.997	0.001	0.001
0.997	0.001	0.001	0.001
0.051	0.947	0.001	0.001
0.841	0.157	0.001	0.001
0.051	0.203	0.745	0.001
>GAGCGGTCTG	17-GAGCGGTCTG,BestGuess:Hand1/MA2123.1/Jaspar(0.637)	12.754147	-82.707046	0	T:50.0(0.06%),B:4.8(0.01%),P:1e-35
0.001	0.001	0.997	0.001
0.997	0.001	0.001	0.001
0.001	0.001	0.997	0.001
0.001	0.997	0.001	0.001
0.001	0.001	0.997	0.001
0.001	0.001	0.997	0.001
0.001	0.001	0.001	0.997
0.339	0.659	0.001	0.001
0.001	0.001	0.001	0.997
0.001	0.001	0.997	0.001
>TCTAAACGCT	18-TCTAAACGCT,BestGuess:BARHL1/MA0877.4/Jaspar(0.735)	8.951241	-81.589307	0	T:65.0(0.07%),B:8.4(0.01%),P:1e-35
0.001	0.001	0.001	0.997
0.001	0.997	0.001	0.001
0.001	0.001	0.021	0.977
0.997	0.001	0.001	0.001
0.997	0.001	0.001	0.001
0.639	0.001	0.001	0.359
0.001	0.997	0.001	0.001
0.001	0.001	0.997	0.001
0.001	0.997	0.001	0.001
0.001	0.001	0.001	0.997
>CGAGGCTTAA	19-CGAGGCTTAA,BestGuess:PB0179.1_Sp100_2/Jaspar(0.638)	13.343515	-78.813728	0	T:31.0(0.03%),B:1.6(0.00%),P:1e-34
0.001	0.997	0.001	0.001
0.001	0.001	0.997	0.001
0.997	0.001	0.001	0.001
0.001	0.304	0.694	0.001
0.001	0.120	0.878	0.001
0.001	0.997	0.001	0.001
0.001	0.001	0.001	0.997
0.001	0.001	0.001	0.997
0.997	0.001	0.001	0.001
0.997	0.001	0.001	0.001
>CGTCATTTTC	20-CGTCATTTTC,BestGuess:Atf1/MA0604.1/Jaspar(0.721)	11.471463	-71.713242	0	T:117.0(0.13%),B:31.9(0.04%),P:1e-31
0.001	0.997	0.001	0.001
0.001	0.001	0.997	0.001
0.001	0.001	0.001	0.997
0.001	0.997	0.001	0.001
0.997	0.001	0.001	0.001
0.001	0.217	0.001	0.781
0.001	0.001	0.001	0.997
0.001	0.001	0.001	0.997
0.001	0.001	0.001	0.997
0.120	0.712	0.001	0.167
>GTCAGCGAGT	21-GTCAGCGAGT,BestGuess:Mafb/MA0117.3/Jaspar(0.729)	11.112021	-69.265433	0	T:68.0(0.08%),B:11.4(0.01%),P:1e-30
0.001	0.001	0.997	0.001
0.001	0.001	0.001	0.997
0.001	0.907	0.001	0.091
0.886	0.001	0.112	0.001
0.001	0.001	0.997	0.001
0.001	0.997	0.001	0.001
0.001	0.001	0.997	0.001
0.997	0.001	0.001	0.001
0.189	0.001	0.809	0.001
0.001	0.001	0.001	0.997
>TAKTHCCGGG	22-TAKTHCCGGG,BestGuess:ELF4/MA0641.1/Jaspar(0.768)	10.983266	-54.260159	0	T:67.0(0.08%),B:14.4(0.02%),P:1e-23
0.001	0.001	0.001	0.997
0.997	0.001	0.001	0.001
0.066	0.217	0.335	0.382
0.001	0.001	0.001	0.997
0.357	0.247	0.001	0.395
0.005	0.682	0.001	0.312
0.001	0.997	0.001	0.001
0.001	0.001	0.997	0.001
0.001	0.065	0.933	0.001
0.010	0.312	0.677	0.001
>TTGATAATCC	23-TTGATAATCC,BestGuess:DPRX/MA1480.2/Jaspar(0.819)	10.296193	-53.901663	0	T:38.0(0.04%),B:4.3(0.00%),P:1e-23
0.100	0.100	0.100	0.700
0.100	0.100	0.100	0.700
0.100	0.100	0.700	0.100
0.700	0.100	0.100	0.100
0.100	0.100	0.100	0.700
0.700	0.100	0.100	0.100
0.700	0.100	0.100	0.100
0.100	0.100	0.100	0.700
0.100	0.700	0.100	0.100
0.100	0.700	0.100	0.100
>GGGGAACGAA	24-GGGGAACGAA,BestGuess:RELB/MA1117.2/Jaspar(0.650)	12.742277	-40.364574	0	T:46.0(0.05%),B:9.4(0.01%),P:1e-17
0.001	0.001	0.997	0.001
0.001	0.001	0.997	0.001
0.001	0.001	0.663	0.335
0.001	0.001	0.997	0.001
0.997	0.001	0.001	0.001
0.997	0.001	0.001	0.001
0.001	0.997	0.001	0.001
0.001	0.001	0.997	0.001
0.997	0.001	0.001	0.001
0.997	0.001	0.001	0.001
>GAACTTTAGA	25-GAACTTTAGA,BestGuess:NR1I3/MA1534.2/Jaspar(0.765)	12.092933	-24.314311	0	T:65.0(0.07%),B:26.0(0.03%),P:1e-10
0.001	0.001	0.997	0.001
0.997	0.001	0.001	0.001
0.997	0.001	0.001	0.001
0.001	0.997	0.001	0.001
0.001	0.001	0.001	0.997
0.001	0.001	0.001	0.997
0.001	0.001	0.001	0.997
0.997	0.001	0.001	0.001
0.001	0.001	0.823	0.175
0.997	0.001	0.001	0.001
