>TAATGATTAACC	12-GGTTAATCATTA	10.108932	-135.594085	0	T:395.0(0.44%),B:153.6(0.17%),P:1e-58
0.064	0.058	0.077	0.801
0.930	0.001	0.035	0.034
0.977	0.007	0.001	0.015
0.255	0.001	0.017	0.727
0.084	0.277	0.496	0.143
0.883	0.001	0.008	0.108
0.057	0.004	0.001	0.938
0.068	0.009	0.033	0.890
0.939	0.015	0.001	0.045
0.915	0.038	0.026	0.021
0.088	0.796	0.079	0.037
0.107	0.591	0.001	0.301
