>GGTTAATCATTA	12-GGTTAATCATTA,BestGuess:HNF1b(Homeobox)/PDAC-HNF1B-ChIP-Seq(GSE64557)/Homer(0.926)	10.108932	-135.594085	0	T:395.0(0.44%),B:153.6(0.17%),P:1e-58
0.301	0.001	0.591	0.107
0.037	0.079	0.796	0.088
0.021	0.026	0.038	0.915
0.045	0.001	0.015	0.939
0.890	0.033	0.009	0.068
0.938	0.001	0.004	0.057
0.108	0.008	0.001	0.883
0.143	0.496	0.277	0.084
0.727	0.017	0.001	0.255
0.015	0.001	0.007	0.977
0.034	0.035	0.001	0.930
0.801	0.077	0.058	0.064
