>CGACATTACAGG	23-CGACATTACAGG,BestGuess:TEAD1/MA0090.4/Jaspar(0.757)	9.837651	-68.105376	0	T:44.0(0.05%),B:4.4(0.00%),P:1e-29
0.148	0.559	0.152	0.141
0.120	0.156	0.592	0.132
0.682	0.112	0.107	0.099
0.116	0.662	0.138	0.084
0.676	0.132	0.074	0.118
0.090	0.112	0.119	0.679
0.090	0.133	0.129	0.648
0.614	0.134	0.126	0.126
0.108	0.713	0.108	0.071
0.733	0.091	0.067	0.109
0.097	0.064	0.761	0.078
0.120	0.104	0.679	0.097
