>GGAAAGTCCCTA	8-GGAAAGTCCCTA	9.617732	-322.344646	0	T:1167.0(1.31%),B:504.0(0.57%),P:1e-139
0.104	0.001	0.894	0.001
0.058	0.059	0.882	0.001
0.755	0.047	0.161	0.037
0.944	0.001	0.028	0.027
0.951	0.001	0.047	0.001
0.001	0.078	0.920	0.001
0.053	0.055	0.047	0.845
0.253	0.704	0.042	0.001
0.049	0.827	0.001	0.123
0.094	0.868	0.001	0.037
0.003	0.291	0.001	0.705
0.436	0.123	0.223	0.218
