>BTGTGGTTTCHN	7-BTGTGGTTTCHN	6.933799	-423.170246	0	T:9657.0(10.81%),B:7167.7(8.05%),P:1e-183
0.154	0.265	0.260	0.321
0.144	0.087	0.238	0.531
0.040	0.028	0.800	0.132
0.082	0.023	0.125	0.770
0.021	0.042	0.901	0.036
0.072	0.186	0.648	0.094
0.012	0.035	0.048	0.905
0.004	0.017	0.031	0.948
0.038	0.046	0.062	0.854
0.030	0.784	0.098	0.088
0.405	0.282	0.044	0.269
0.194	0.328	0.230	0.248
