>NCGCGCTTAAGV	17-BCTTAAGCGCGN	8.160688	-30.385037	0	T:15.0(0.05%),B:2.2(0.00%),P:1e-13
0.333	0.242	0.228	0.197
0.142	0.580	0.144	0.134
0.136	0.128	0.602	0.134
0.130	0.592	0.146	0.132
0.132	0.137	0.594	0.137
0.095	0.674	0.119	0.112
0.101	0.125	0.093	0.681
0.105	0.132	0.150	0.613
0.614	0.143	0.138	0.105
0.673	0.092	0.134	0.101
0.114	0.096	0.686	0.104
0.223	0.218	0.357	0.202
