>GATCATGCGACC	19-GATCATGCGACC	10.901648	-24.721132	0	T:15.0(0.05%),B:3.3(0.00%),P:1e-10
0.090	0.098	0.743	0.069
0.758	0.093	0.077	0.072
0.075	0.106	0.106	0.713
0.048	0.846	0.075	0.031
0.763	0.114	0.064	0.059
0.074	0.071	0.077	0.778
0.060	0.052	0.821	0.067
0.095	0.639	0.115	0.151
0.086	0.099	0.719	0.096
0.681	0.115	0.111	0.093
0.067	0.762	0.111	0.060
0.064	0.779	0.061	0.096
