>TTTGTGGTTTCG	4-TTTGTGGTTTCG	7.571850	-109.274373	0	T:1399.0(4.53%),B:2076.5(3.01%),P:1e-47
0.062	0.076	0.067	0.795
0.044	0.056	0.053	0.847
0.029	0.017	0.039	0.915
0.026	0.050	0.862	0.062
0.040	0.017	0.019	0.924
0.019	0.020	0.938	0.023
0.080	0.033	0.860	0.027
0.022	0.080	0.041	0.857
0.020	0.042	0.022	0.916
0.043	0.056	0.035	0.866
0.099	0.672	0.080	0.149
0.140	0.155	0.552	0.153
