>BCTTAAGCGCGN	17-BCTTAAGCGCGN,BestGuess:ZBTB6/MA1581.2/Jaspar(0.640)	8.160688	-30.385037	0	T:15.0(0.05%),B:2.2(0.00%),P:1e-13
0.202	0.357	0.218	0.223
0.104	0.686	0.096	0.114
0.101	0.134	0.092	0.673
0.105	0.138	0.143	0.614
0.613	0.150	0.132	0.105
0.681	0.093	0.125	0.101
0.112	0.119	0.674	0.095
0.137	0.594	0.137	0.132
0.132	0.146	0.592	0.130
0.134	0.602	0.128	0.136
0.134	0.144	0.580	0.142
0.197	0.228	0.242	0.333
