>CCGTTCTAGCTC	25-CCGTTCTAGCTC,BestGuess:ZBTB12/MA1649.2/Jaspar(0.683)	10.507595	-11.941929	0	T:22.0(0.07%),B:16.5(0.02%),P:1e-5
0.046	0.829	0.078	0.047
0.107	0.792	0.031	0.070
0.078	0.076	0.770	0.076
0.031	0.076	0.046	0.847
0.031	0.078	0.092	0.799
0.046	0.878	0.061	0.015
0.100	0.139	0.046	0.715
0.859	0.031	0.032	0.078
0.108	0.092	0.753	0.047
0.031	0.922	0.046	0.001
0.046	0.046	0.032	0.876
0.001	0.969	0.015	0.015
