>TCYCCCTCTBCC	13-GGVAGAGGGRGA	7.440843	-47.155904	0	T:4799.0(15.55%),B:9422.4(13.68%),P:1e-20
0.014	0.068	0.358	0.560
0.022	0.888	0.038	0.052
0.044	0.399	0.047	0.510
0.037	0.671	0.258	0.034
0.044	0.886	0.022	0.048
0.031	0.582	0.028	0.359
0.022	0.053	0.019	0.906
0.015	0.912	0.021	0.052
0.015	0.083	0.044	0.858
0.018	0.383	0.303	0.296
0.045	0.503	0.174	0.278
0.212	0.679	0.047	0.062
