>YGTRCAGTGCAG	18-CTGCACTGYACR	10.252354	-27.203597	0	T:16.0(0.05%),B:3.7(0.01%),P:1e-11
0.126	0.427	0.021	0.426
0.056	0.251	0.652	0.041
0.048	0.048	0.044	0.860
0.489	0.020	0.464	0.027
0.198	0.582	0.192	0.028
0.861	0.026	0.037	0.076
0.233	0.229	0.512	0.026
0.040	0.034	0.043	0.883
0.160	0.202	0.606	0.032
0.160	0.618	0.189	0.033
0.696	0.054	0.019	0.231
0.191	0.193	0.566	0.050
