>TCTGTGGGAGGT	24-TCTGTGGGAGGT,BestGuess:WT1(Zf)/Kidney-WT1-ChIP-Seq(GSE90016)/Homer(0.751)	9.548396	-12.279114	0	T:222.0(0.72%),B:362.6(0.53%),P:1e-5
0.040	0.069	0.060	0.831
0.035	0.816	0.040	0.109
0.031	0.029	0.051	0.889
0.040	0.066	0.823	0.071
0.047	0.033	0.055	0.865
0.049	0.031	0.856	0.064
0.096	0.022	0.822	0.060
0.064	0.066	0.848	0.022
0.837	0.026	0.075	0.062
0.095	0.031	0.823	0.051
0.044	0.076	0.796	0.084
0.069	0.054	0.074	0.803
