>AATTAAATCGGG	6-AATTAAATCGGG,BestGuess:Arid3a/MA0151.1/Jaspar(0.715)	2.493450	-81.398314	0	T:21339.0(69.13%),B:45317.5(65.78%),P:1e-35
0.790	0.085	0.062	0.063
0.773	0.057	0.068	0.102
0.096	0.060	0.063	0.781
0.099	0.057	0.073	0.771
0.812	0.057	0.063	0.068
0.764	0.071	0.073	0.092
0.788	0.081	0.077	0.054
0.095	0.064	0.104	0.737
0.113	0.672	0.122	0.093
0.172	0.072	0.627	0.129
0.095	0.042	0.762	0.101
0.066	0.136	0.724	0.074
