>GSAAACCCCWGT	16-GSAAACCCCWGT	10.004491	-37.132138	0	T:52.0(0.17%),B:28.1(0.04%),P:1e-16
0.342	0.010	0.610	0.038
0.190	0.279	0.379	0.152
0.959	0.025	0.014	0.002
0.690	0.026	0.010	0.274
0.599	0.108	0.246	0.047
0.020	0.822	0.122	0.036
0.017	0.765	0.014	0.204
0.005	0.638	0.198	0.159
0.157	0.816	0.010	0.017
0.438	0.005	0.219	0.338
0.160	0.271	0.552	0.017
0.215	0.218	0.097	0.470
