>CTGTCCGCGGTG	11-CACCGCGGACAG	11.134135	-53.373062	0	T:68.0(0.22%),B:33.5(0.05%),P:1e-23
0.001	0.969	0.015	0.015
0.001	0.014	0.001	0.984
0.001	0.014	0.984	0.001
0.015	0.069	0.054	0.862
0.015	0.969	0.001	0.015
0.001	0.915	0.069	0.015
0.001	0.069	0.891	0.039
0.015	0.894	0.001	0.090
0.001	0.014	0.984	0.001
0.015	0.001	0.969	0.015
0.015	0.001	0.039	0.945
0.014	0.001	0.984	0.001
