>GAGCTAGAACGG	25-CCGTTCTAGCTC	10.507595	-11.941929	0	T:22.0(0.07%),B:16.5(0.02%),P:1e-5
0.015	0.015	0.969	0.001
0.876	0.032	0.046	0.046
0.001	0.046	0.922	0.031
0.047	0.753	0.092	0.108
0.078	0.032	0.031	0.859
0.715	0.046	0.139	0.100
0.015	0.061	0.878	0.046
0.799	0.092	0.078	0.031
0.847	0.046	0.076	0.031
0.076	0.770	0.076	0.078
0.070	0.031	0.792	0.107
0.047	0.078	0.829	0.046
