>GGCTTCCTGCCA	7-GGCTTCCTGCCA	9.235931	-76.148462	0	T:766.0(2.48%),B:1073.7(1.56%),P:1e-33
0.089	0.065	0.774	0.072
0.050	0.079	0.838	0.033
0.041	0.827	0.050	0.082
0.052	0.051	0.027	0.870
0.043	0.084	0.095	0.778
0.025	0.862	0.062	0.051
0.032	0.891	0.030	0.047
0.070	0.025	0.023	0.882
0.049	0.078	0.818	0.055
0.065	0.834	0.043	0.058
0.078	0.847	0.030	0.045
0.780	0.079	0.081	0.060
