>ACCTCCCACAGA	24-TCTGTGGGAGGT	9.548396	-12.279114	0	T:222.0(0.72%),B:362.6(0.53%),P:1e-5
0.803	0.074	0.054	0.069
0.084	0.796	0.076	0.044
0.051	0.823	0.031	0.095
0.062	0.075	0.026	0.837
0.022	0.848	0.066	0.064
0.060	0.822	0.022	0.096
0.064	0.856	0.031	0.049
0.865	0.055	0.033	0.047
0.071	0.823	0.066	0.040
0.889	0.051	0.029	0.031
0.109	0.040	0.816	0.035
0.831	0.060	0.069	0.040
