>AACGATCAGCCA	19-AACGATCAGCCA	10.790200	-55.017925	0	T:33.0(0.12%),B:7.7(0.01%),P:1e-23
0.870	0.016	0.065	0.049
0.824	0.001	0.048	0.127
0.016	0.814	0.089	0.081
0.121	0.032	0.798	0.049
0.816	0.103	0.049	0.032
0.049	0.017	0.097	0.837
0.049	0.870	0.065	0.016
0.831	0.032	0.136	0.001
0.016	0.018	0.950	0.016
0.049	0.771	0.123	0.057
0.048	0.919	0.001	0.032
0.716	0.073	0.001	0.210
