>TAAGCGTCGTTG	11-TAAGCGTCGTTG,BestGuess:Foxn1/MA1684.1/Jaspar(0.613)	10.862580	-94.498812	0	T:33.0(0.12%),B:2.5(0.00%),P:1e-41
0.130	0.072	0.030	0.768
0.826	0.116	0.029	0.029
0.769	0.029	0.101	0.101
0.028	0.001	0.970	0.001
0.058	0.911	0.029	0.002
0.058	0.086	0.798	0.058
0.029	0.058	0.029	0.884
0.086	0.856	0.029	0.029
0.125	0.086	0.760	0.029
0.001	0.129	0.125	0.745
0.101	0.029	0.059	0.811
0.001	0.028	0.943	0.028
