>TTCCCTAAGTAT	22-ATACTTAGGGAA	12.199741	-33.498838	0	T:21.0(0.08%),B:5.7(0.01%),P:1e-14
0.043	0.025	0.049	0.883
0.067	0.037	0.037	0.859
0.037	0.853	0.055	0.055
0.024	0.940	0.024	0.012
0.037	0.865	0.043	0.055
0.012	0.024	0.012	0.952
0.914	0.012	0.049	0.025
0.648	0.001	0.296	0.055
0.118	0.067	0.778	0.037
0.159	0.152	0.043	0.646
0.790	0.197	0.012	0.001
0.055	0.025	0.037	0.883
