>AAAAAAAAAAAA	20-TTTTTTTTTTTT	2.885990	-47.177349	0	T:13890.0(50.62%),B:34116.1(47.78%),P:1e-20
0.451	0.205	0.179	0.164
0.542	0.205	0.064	0.189
0.532	0.155	0.156	0.157
0.603	0.146	0.145	0.106
0.656	0.101	0.185	0.058
0.710	0.091	0.187	0.012
0.788	0.165	0.018	0.029
0.696	0.180	0.018	0.106
0.662	0.185	0.020	0.133
0.697	0.252	0.037	0.014
0.517	0.213	0.149	0.121
0.578	0.217	0.132	0.073
