>GCGCATGCGCAT	9-GCGCATGCGCAT,BestGuess:NRF1(NRF)/MCF7-NRF1-ChIP-Seq(Unpublished)/Homer(0.955)	9.020628	-119.903405	0	T:832.0(3.03%),B:1220.1(1.71%),P:1e-52
0.049	0.072	0.848	0.031
0.093	0.753	0.118	0.036
0.056	0.078	0.772	0.094
0.057	0.833	0.069	0.041
0.645	0.173	0.089	0.093
0.080	0.082	0.145	0.693
0.026	0.068	0.853	0.053
0.047	0.828	0.074	0.051
0.064	0.089	0.750	0.097
0.030	0.813	0.090	0.067
0.641	0.137	0.125	0.097
0.089	0.124	0.216	0.571
