>ATGCGCATGCGC	9-GCGCATGCGCAT	9.020628	-119.903405	0	T:832.0(3.03%),B:1220.1(1.71%),P:1e-52
0.571	0.216	0.124	0.089
0.097	0.125	0.137	0.641
0.067	0.090	0.813	0.030
0.097	0.750	0.089	0.064
0.051	0.074	0.828	0.047
0.053	0.853	0.068	0.026
0.693	0.145	0.082	0.080
0.093	0.089	0.173	0.645
0.041	0.069	0.833	0.057
0.094	0.772	0.078	0.056
0.036	0.118	0.753	0.093
0.031	0.848	0.072	0.049
