>CAACGACGCTTA	11-TAAGCGTCGTTG	10.862580	-94.498812	0	T:33.0(0.12%),B:2.5(0.00%),P:1e-41
0.028	0.943	0.028	0.001
0.811	0.059	0.029	0.101
0.745	0.125	0.129	0.001
0.029	0.760	0.086	0.125
0.029	0.029	0.856	0.086
0.884	0.029	0.058	0.029
0.058	0.798	0.086	0.058
0.002	0.029	0.911	0.058
0.001	0.970	0.001	0.028
0.101	0.101	0.029	0.769
0.029	0.029	0.116	0.826
0.768	0.030	0.072	0.130
