>ATTTTTTTTTTN	25-ATTTTTTTTTTN	8.147344	-8.244524	0	T:390.0(1.42%),B:847.3(1.19%),P:1e-3
0.576	0.237	0.112	0.075
0.100	0.135	0.073	0.692
0.079	0.163	0.066	0.692
0.114	0.211	0.065	0.610
0.107	0.294	0.078	0.521
0.142	0.257	0.073	0.528
0.152	0.197	0.099	0.552
0.143	0.190	0.098	0.569
0.120	0.155	0.086	0.639
0.091	0.159	0.088	0.662
0.091	0.150	0.075	0.684
0.200	0.315	0.208	0.277
