>TCTCGCGAGATT	17-TCTCGCGAGATT	9.514815	-76.600415	0	T:200.0(0.73%),B:192.9(0.27%),P:1e-33
0.015	0.148	0.021	0.816
0.091	0.894	0.001	0.014
0.013	0.022	0.104	0.861
0.019	0.956	0.017	0.008
0.031	0.025	0.925	0.019
0.004	0.937	0.038	0.021
0.001	0.030	0.950	0.019
0.937	0.019	0.036	0.008
0.001	0.008	0.852	0.139
0.872	0.058	0.051	0.019
0.059	0.210	0.252	0.480
0.071	0.306	0.099	0.524
