>TGACCAATCAGA	13-TGACCAATCAGA	8.816207	-91.037696	0	T:345.0(1.26%),B:401.6(0.56%),P:1e-39
0.041	0.032	0.087	0.840
0.028	0.057	0.864	0.051
0.674	0.067	0.131	0.128
0.024	0.869	0.092	0.015
0.029	0.904	0.022	0.045
0.908	0.034	0.012	0.046
0.882	0.032	0.071	0.015
0.019	0.036	0.125	0.820
0.047	0.885	0.053	0.015
0.874	0.031	0.068	0.027
0.015	0.150	0.785	0.050
0.698	0.104	0.126	0.072
