>TTTTTTTTTTTT	20-TTTTTTTTTTTT,BestGuess:PB0182.1_Srf_2/Jaspar(0.896)	2.885990	-47.177349	0	T:13890.0(50.62%),B:34116.1(47.78%),P:1e-20
0.073	0.132	0.217	0.578
0.121	0.149	0.213	0.517
0.014	0.037	0.252	0.697
0.133	0.020	0.185	0.662
0.106	0.018	0.180	0.696
0.029	0.018	0.165	0.788
0.012	0.187	0.091	0.710
0.058	0.185	0.101	0.656
0.106	0.145	0.146	0.603
0.157	0.156	0.155	0.532
0.189	0.064	0.205	0.542
0.164	0.179	0.205	0.451
