>GGGGCGGTACTT	6-GGGGCGGTACTT	8.460259	-323.451094	0	T:1805.0(6.58%),B:2466.7(3.45%),P:1e-140
0.016	0.031	0.939	0.014
0.177	0.014	0.801	0.008
0.033	0.047	0.907	0.013
0.031	0.054	0.907	0.008
0.035	0.922	0.011	0.032
0.052	0.039	0.825	0.084
0.018	0.064	0.900	0.018
0.075	0.112	0.235	0.578
0.635	0.102	0.224	0.039
0.030	0.857	0.083	0.030
0.028	0.063	0.038	0.871
0.054	0.032	0.053	0.861
