>ATACTTAGGGAA	22-ATACTTAGGGAA,BestGuess:PB0162.1_Sfpi1_2/Jaspar(0.607)	12.199741	-33.498838	0	T:21.0(0.08%),B:5.7(0.01%),P:1e-14
0.883	0.037	0.025	0.055
0.001	0.012	0.197	0.790
0.646	0.043	0.152	0.159
0.037	0.778	0.067	0.118
0.055	0.296	0.001	0.648
0.025	0.049	0.012	0.914
0.952	0.012	0.024	0.012
0.055	0.043	0.865	0.037
0.012	0.024	0.940	0.024
0.055	0.055	0.853	0.037
0.859	0.037	0.037	0.067
0.883	0.049	0.025	0.043
