>TACGTCACGACC	16-GGTCGTGACGTA	11.312300	-78.111691	0	T:24.0(0.09%),B:1.6(0.00%),P:1e-33
0.228	0.059	0.033	0.680
0.692	0.144	0.129	0.035
0.012	0.952	0.024	0.012
0.087	0.114	0.798	0.001
0.041	0.042	0.099	0.818
0.012	0.941	0.012	0.035
0.830	0.041	0.053	0.076
0.023	0.917	0.059	0.001
0.014	0.024	0.950	0.012
0.767	0.130	0.036	0.067
0.053	0.719	0.035	0.193
0.041	0.947	0.011	0.001
