>GGTCGTGACGTA	16-GGTCGTGACGTA,BestGuess:Npas4/MA1995.2/Jaspar(0.784)	11.312300	-78.111691	0	T:24.0(0.09%),B:1.6(0.00%),P:1e-33
0.001	0.011	0.947	0.041
0.193	0.035	0.719	0.053
0.067	0.036	0.130	0.767
0.012	0.950	0.024	0.014
0.001	0.059	0.917	0.023
0.076	0.053	0.041	0.830
0.035	0.012	0.941	0.012
0.818	0.099	0.042	0.041
0.001	0.798	0.114	0.087
0.012	0.024	0.952	0.012
0.035	0.129	0.144	0.692
0.680	0.033	0.059	0.228
