>CCTTATCTVATC	8-CCTTATCTVATC	8.191067	-153.262600	0	T:638.0(2.32%),B:771.2(1.08%),P:1e-66
0.033	0.843	0.070	0.054
0.028	0.906	0.022	0.044
0.041	0.053	0.015	0.891
0.054	0.052	0.041	0.853
0.825	0.099	0.032	0.044
0.025	0.073	0.028	0.874
0.014	0.913	0.019	0.054
0.086	0.141	0.019	0.754
0.335	0.355	0.309	0.001
0.623	0.157	0.066	0.154
0.087	0.082	0.106	0.725
0.045	0.795	0.102	0.058
