>AGGTGGCA	1-AGGTGGCA	6.524473	-475.794375	0	T:3990.0(12.93%),B:5393.7(7.83%),P:1e-206	Tpos:99.4,Tstd:51.0,Bpos:99.0,Bstd:57.1,StrandBias:-0.1,Multiplicity:1.07
0.997	0.001	0.001	0.001
0.001	0.001	0.997	0.001
0.263	0.001	0.735	0.001
0.001	0.001	0.185	0.813
0.001	0.001	0.997	0.001
0.001	0.001	0.997	0.001
0.001	0.997	0.001	0.001
0.781	0.001	0.217	0.001
>AGGAAGTG	2-AGGAAGTG	3.486832	-425.890008	0	T:7738.0(25.07%),B:12672.8(18.40%),P:1e-184	Tpos:99.9,Tstd:54.0,Bpos:100.1,Bstd:56.8,StrandBias:0.0,Multiplicity:1.18
0.997	0.001	0.001	0.001
0.001	0.001	0.997	0.001
0.001	0.001	0.997	0.001
0.997	0.001	0.001	0.001
0.997	0.001	0.001	0.001
0.259	0.001	0.739	0.001
0.001	0.102	0.001	0.896
0.284	0.054	0.565	0.097
>CCACTAGA	3-CCACTAGA	9.208035	-359.063645	0	T:1177.0(3.81%),B:1089.8(1.58%),P:1e-155	Tpos:99.7,Tstd:47.4,Bpos:99.6,Bstd:55.9,StrandBias:0.0,Multiplicity:1.01
0.001	0.997	0.001	0.001
0.001	0.997	0.001	0.001
0.997	0.001	0.001	0.001
0.001	0.997	0.001	0.001
0.001	0.199	0.001	0.799
0.997	0.001	0.001	0.001
0.001	0.001	0.997	0.001
0.804	0.001	0.194	0.001
>TYCCYCTT	4-TYCCYCTT	5.666601	-281.044236	0	T:15102.0(48.92%),B:29118.5(42.27%),P:1e-122	Tpos:100.2,Tstd:55.8,Bpos:100.6,Bstd:56.2,StrandBias:0.0,Multiplicity:1.42
0.036	0.001	0.001	0.962
0.001	0.483	0.001	0.515
0.001	0.997	0.001	0.001
0.001	0.929	0.001	0.069
0.001	0.538	0.001	0.460
0.090	0.503	0.260	0.147
0.002	0.223	0.073	0.702
0.184	0.270	0.001	0.545
>WAACCACA	5-WAACCACA	6.052993	-208.616157	0	T:4063.0(13.16%),B:6612.0(9.60%),P:1e-90	Tpos:100.5,Tstd:54.6,Bpos:99.7,Bstd:56.1,StrandBias:-0.0,Multiplicity:1.09
0.375	0.078	0.048	0.498
0.923	0.001	0.045	0.031
0.942	0.035	0.022	0.001
0.001	0.997	0.001	0.001
0.001	0.974	0.009	0.016
0.965	0.022	0.012	0.001
0.001	0.981	0.017	0.001
0.941	0.013	0.008	0.038
>CTGCCAGC	6-CTGCCAGC	5.425601	-191.367965	0	T:10142.0(32.86%),B:19172.2(27.83%),P:1e-83	Tpos:101.4,Tstd:55.5,Bpos:100.8,Bstd:57.6,StrandBias:-0.0,Multiplicity:1.21
0.083	0.655	0.111	0.151
0.110	0.026	0.130	0.734
0.010	0.001	0.988	0.001
0.137	0.575	0.092	0.196
0.136	0.820	0.043	0.001
0.843	0.101	0.030	0.026
0.051	0.137	0.689	0.123
0.144	0.721	0.001	0.134
>GTTGCAAT	7-GTTGCAAT	3.919265	-138.300840	0	T:17330.0(56.14%),B:35464.7(51.48%),P:1e-60	Tpos:99.8,Tstd:55.8,Bpos:99.8,Bstd:57.6,StrandBias:0.0,Multiplicity:1.57
0.036	0.036	0.844	0.084
0.140	0.170	0.113	0.577
0.099	0.027	0.117	0.757
0.096	0.027	0.817	0.060
0.104	0.690	0.052	0.154
0.727	0.109	0.085	0.079
0.788	0.051	0.053	0.108
0.090	0.045	0.060	0.805
>TGTTGCCA	8-TGTTGCCA	4.345134	-130.206935	0	T:24676.0(79.94%),B:52461.3(76.15%),P:1e-56	Tpos:99.8,Tstd:55.9,Bpos:100.1,Bstd:57.1,StrandBias:0.0,Multiplicity:1.52
0.100	0.100	0.100	0.700
0.100	0.100	0.700	0.100
0.100	0.100	0.100	0.700
0.100	0.100	0.100	0.700
0.100	0.100	0.700	0.100
0.100	0.700	0.100	0.100
0.100	0.700	0.100	0.100
0.700	0.100	0.100	0.100
>TGATAATA	9-TGATAATA	4.005640	-108.788650	0	T:12138.0(39.32%),B:24347.1(35.34%),P:1e-47	Tpos:99.9,Tstd:56.4,Bpos:99.4,Bstd:56.4,StrandBias:-0.1,Multiplicity:1.42
0.073	0.019	0.001	0.907
0.035	0.035	0.929	0.001
0.896	0.068	0.035	0.001
0.093	0.056	0.001	0.850
0.828	0.053	0.051	0.068
0.966	0.001	0.032	0.001
0.104	0.090	0.087	0.719
0.903	0.001	0.095	0.001
>TCGGTTTM	10-TCGGTTTM	3.921873	-104.276862	0	T:16121.0(52.23%),B:33194.3(48.19%),P:1e-45	Tpos:100.1,Tstd:56.4,Bpos:100.1,Bstd:57.8,StrandBias:0.0,Multiplicity:1.34
0.144	0.100	0.189	0.567
0.001	0.997	0.001	0.001
0.001	0.058	0.635	0.306
0.286	0.082	0.619	0.013
0.001	0.009	0.093	0.897
0.001	0.089	0.001	0.909
0.081	0.094	0.001	0.824
0.429	0.418	0.078	0.075
>GGAASNAA	11-GGAASNAA	6.405873	-95.176245	0	T:5266.0(17.06%),B:9846.9(14.29%),P:1e-41	Tpos:101.6,Tstd:58.1,Bpos:99.9,Bstd:59.6,StrandBias:0.1,Multiplicity:1.04
0.001	0.060	0.816	0.123
0.190	0.001	0.808	0.001
0.927	0.001	0.001	0.071
0.832	0.104	0.001	0.063
0.001	0.523	0.439	0.037
0.176	0.227	0.304	0.293
0.968	0.001	0.001	0.030
0.867	0.001	0.035	0.097
>ATGACTCA	12-ATGACTCA	6.159339	-81.956960	0	T:2705.0(8.76%),B:4743.6(6.89%),P:1e-35	Tpos:96.7,Tstd:54.6,Bpos:99.9,Bstd:55.3,StrandBias:-0.0,Multiplicity:1.07
0.691	0.132	0.176	0.001
0.001	0.022	0.001	0.976
0.043	0.015	0.901	0.041
0.997	0.001	0.001	0.001
0.077	0.766	0.077	0.080
0.033	0.001	0.001	0.965
0.076	0.895	0.028	0.001
0.938	0.001	0.044	0.017
>AGTAATAC	13-AGTAATAC	4.689865	-70.877087	0	T:8230.0(26.66%),B:16400.9(23.81%),P:1e-30	Tpos:100.6,Tstd:55.8,Bpos:100.2,Bstd:57.6,StrandBias:0.0,Multiplicity:1.13
0.747	0.090	0.063	0.100
0.063	0.083	0.799	0.055
0.070	0.036	0.006	0.888
0.729	0.104	0.091	0.076
0.741	0.021	0.054	0.184
0.089	0.163	0.121	0.627
0.690	0.031	0.166	0.113
0.027	0.784	0.138	0.051
>AAGGCTGA	14-AAGGCTGA	4.345134	-62.081525	0	T:26060.0(84.42%),B:56555.7(82.10%),P:1e-26	Tpos:99.7,Tstd:56.1,Bpos:100.6,Bstd:57.0,StrandBias:0.0,Multiplicity:1.84
0.700	0.100	0.100	0.100
0.700	0.100	0.100	0.100
0.100	0.100	0.700	0.100
0.100	0.100	0.700	0.100
0.100	0.700	0.100	0.100
0.100	0.100	0.100	0.700
0.100	0.100	0.700	0.100
0.700	0.100	0.100	0.100
>KTTWNCCS	15-KTTWNCCS	6.496011	-54.469937	0	T:5342.0(17.31%),B:10470.6(15.20%),P:1e-23	Tpos:100.3,Tstd:56.7,Bpos:100.2,Bstd:58.6,StrandBias:0.0,Multiplicity:1.04
0.001	0.001	0.433	0.565
0.149	0.001	0.001	0.849
0.001	0.001	0.001	0.997
0.520	0.001	0.039	0.440
0.174	0.233	0.318	0.274
0.001	0.997	0.001	0.001
0.001	0.894	0.001	0.104
0.001	0.342	0.441	0.215
>CCATTGTG	16-CCATTGTG	8.906675	-23.492422	0	T:512.0(1.66%),B:849.4(1.23%),P:1e-10	Tpos:97.5,Tstd:58.7,Bpos:97.5,Bstd:53.8,StrandBias:0.2,Multiplicity:1.02
0.001	0.823	0.175	0.001
0.001	0.997	0.001	0.001
0.920	0.001	0.078	0.001
0.001	0.001	0.001	0.997
0.001	0.001	0.001	0.997
0.001	0.001	0.997	0.001
0.001	0.001	0.001	0.997
0.151	0.001	0.847	0.001
>TTACGTAA	17-TTACGTAA	8.236954	-19.413836	0	T:35.0(0.11%),B:24.5(0.04%),P:1e-8	Tpos:95.6,Tstd:61.5,Bpos:93.5,Bstd:53.0,StrandBias:0.0,Multiplicity:1.00
0.100	0.100	0.100	0.700
0.100	0.100	0.100	0.700
0.700	0.100	0.100	0.100
0.100	0.700	0.100	0.100
0.100	0.100	0.700	0.100
0.100	0.100	0.100	0.700
0.700	0.100	0.100	0.100
0.700	0.100	0.100	0.100
>TGGCACGA	18-TGGCACGA	8.009704	-17.800759	0	T:505.0(1.64%),B:874.1(1.27%),P:1e-7	Tpos:104.8,Tstd:54.5,Bpos:104.3,Bstd:56.3,StrandBias:-0.1,Multiplicity:1.02
0.001	0.001	0.001	0.997
0.001	0.052	0.946	0.001
0.361	0.001	0.637	0.001
0.001	0.618	0.380	0.001
0.997	0.001	0.001	0.001
0.001	0.997	0.001	0.001
0.001	0.001	0.997	0.001
0.795	0.001	0.203	0.001
>TGCTATTA	19-TGCTATTA	8.313874	-16.367058	0	T:655.0(2.12%),B:1184.7(1.72%),P:1e-7	Tpos:103.8,Tstd:58.8,Bpos:100.1,Bstd:55.3,StrandBias:0.1,Multiplicity:1.00
0.001	0.001	0.170	0.828
0.186	0.001	0.812	0.001
0.001	0.997	0.001	0.001
0.001	0.001	0.001	0.997
0.997	0.001	0.001	0.001
0.001	0.001	0.001	0.997
0.001	0.001	0.001	0.997
0.904	0.001	0.001	0.094
>TAGGCGTC	20-TAGGCGTC	8.236954	-13.767454	0	T:50.0(0.16%),B:52.6(0.08%),P:1e-5	Tpos:86.3,Tstd:51.2,Bpos:98.5,Bstd:47.1,StrandBias:0.2,Multiplicity:1.00
0.100	0.100	0.100	0.700
0.700	0.100	0.100	0.100
0.100	0.100	0.700	0.100
0.100	0.100	0.700	0.100
0.100	0.700	0.100	0.100
0.100	0.100	0.700	0.100
0.100	0.100	0.100	0.700
0.100	0.700	0.100	0.100
