>CACTAGRKGG	1-CACTAGRKGG	8.573401	-1481.671511	0	T:2113.0(6.85%),B:1115.2(1.62%),P:1e-643	Tpos:99.5,Tstd:41.4,Bpos:96.3,Bstd:56.4,StrandBias:0.0,Multiplicity:1.02
0.008	0.961	0.010	0.021
0.886	0.010	0.071	0.033
0.034	0.789	0.164	0.013
0.161	0.259	0.025	0.555
0.967	0.008	0.006	0.019
0.006	0.015	0.965	0.014
0.518	0.009	0.448	0.025
0.006	0.040	0.441	0.513
0.027	0.019	0.953	0.001
0.014	0.013	0.896	0.077
>AGTGCCCYCT	2-AGTGCCCYCT	8.399105	-656.390186	0	T:2145.0(6.95%),B:1996.6(2.90%),P:1e-285	Tpos:99.8,Tstd:50.9,Bpos:98.6,Bstd:56.2,StrandBias:0.1,Multiplicity:1.02
0.684	0.001	0.314	0.001
0.001	0.203	0.746	0.050
0.001	0.422	0.001	0.576
0.001	0.001	0.997	0.001
0.141	0.857	0.001	0.001
0.001	0.925	0.001	0.073
0.343	0.655	0.001	0.001
0.001	0.460	0.001	0.538
0.001	0.962	0.036	0.001
0.001	0.001	0.001	0.997
>ACTTCCTSTT	3-ACTTCCTSTT	6.850582	-560.684111	0	T:6930.0(22.45%),B:10498.8(15.24%),P:1e-243	Tpos:100.0,Tstd:53.7,Bpos:100.3,Bstd:56.2,StrandBias:0.0,Multiplicity:1.17
0.694	0.021	0.284	0.001
0.001	0.578	0.073	0.348
0.001	0.001	0.001	0.997
0.001	0.001	0.001	0.997
0.001	0.997	0.001	0.001
0.001	0.997	0.001	0.001
0.001	0.133	0.001	0.865
0.087	0.390	0.334	0.190
0.167	0.260	0.001	0.572
0.167	0.251	0.164	0.418
>WAACCACAAN	4-WAACCACAAN	7.294225	-206.371390	0	T:2604.0(8.44%),B:3867.1(5.61%),P:1e-89	Tpos:100.1,Tstd:54.5,Bpos:99.3,Bstd:55.6,StrandBias:-0.1,Multiplicity:1.06
0.475	0.001	0.137	0.387
0.997	0.001	0.001	0.001
0.774	0.083	0.106	0.037
0.001	0.997	0.001	0.001
0.001	0.997	0.001	0.001
0.879	0.117	0.003	0.001
0.001	0.979	0.005	0.015
0.719	0.093	0.001	0.187
0.457	0.148	0.234	0.161
0.264	0.285	0.256	0.196
>ATTGCATAAY	5-ATTGCATAAY	6.451528	-146.883166	0	T:3671.0(11.89%),B:6208.4(9.01%),P:1e-63	Tpos:98.8,Tstd:55.6,Bpos:99.4,Bstd:56.2,StrandBias:-0.0,Multiplicity:1.13
0.625	0.150	0.148	0.077
0.001	0.001	0.001	0.997
0.096	0.001	0.027	0.876
0.307	0.012	0.463	0.218
0.003	0.846	0.001	0.150
0.751	0.001	0.021	0.227
0.192	0.205	0.140	0.463
0.495	0.259	0.098	0.148
0.879	0.010	0.110	0.001
0.103	0.492	0.021	0.384
>GGGGGGAAAA	6-GGGGGGAAAA	4.151845	-129.554287	0	T:16748.0(54.26%),B:34266.8(49.74%),P:1e-56	Tpos:99.4,Tstd:55.4,Bpos:100.1,Bstd:56.1,StrandBias:-0.0,Multiplicity:1.46
0.093	0.091	0.749	0.067
0.097	0.061	0.783	0.059
0.092	0.062	0.784	0.062
0.069	0.052	0.839	0.040
0.061	0.051	0.828	0.060
0.097	0.050	0.791	0.062
0.730	0.040	0.117	0.113
0.880	0.022	0.058	0.040
0.830	0.049	0.069	0.052
0.791	0.090	0.067	0.052
>TAGCAAACCG	7-TAGCAAACCG	3.789525	-124.216139	0	T:15014.0(48.64%),B:30473.4(44.24%),P:1e-53	Tpos:100.0,Tstd:55.2,Bpos:99.6,Bstd:57.7,StrandBias:0.0,Multiplicity:1.34
0.091	0.063	0.084	0.762
0.802	0.070	0.066	0.062
0.073	0.047	0.851	0.029
0.115	0.734	0.102	0.049
0.846	0.073	0.029	0.052
0.839	0.039	0.071	0.051
0.825	0.055	0.050	0.070
0.042	0.756	0.119	0.083
0.080	0.796	0.040	0.084
0.093	0.066	0.790	0.051
>TCAGTAATAG	8-TCAGTAATAG	4.458463	-56.604876	0	T:18638.0(60.38%),B:39597.5(57.48%),P:1e-24	Tpos:100.3,Tstd:55.6,Bpos:100.1,Bstd:55.8,StrandBias:-0.0,Multiplicity:1.62
0.100	0.100	0.100	0.700
0.100	0.700	0.100	0.100
0.700	0.100	0.100	0.100
0.100	0.100	0.700	0.100
0.100	0.100	0.100	0.700
0.700	0.100	0.100	0.100
0.700	0.100	0.100	0.100
0.100	0.100	0.100	0.700
0.700	0.100	0.100	0.100
0.100	0.100	0.700	0.100
>TCGCAYGATC	9-TCGCAYGATC	9.850022	-38.815430	0	T:59.0(0.19%),B:34.3(0.05%),P:1e-16	Tpos:108.4,Tstd:60.1,Bpos:103.8,Bstd:52.2,StrandBias:-0.1,Multiplicity:1.00
0.041	0.001	0.041	0.917
0.001	0.997	0.001	0.001
0.274	0.001	0.724	0.001
0.001	0.958	0.040	0.001
0.917	0.001	0.041	0.041
0.001	0.466	0.058	0.475
0.145	0.001	0.853	0.001
0.710	0.184	0.001	0.105
0.001	0.001	0.040	0.958
0.020	0.924	0.001	0.055
>TTTTCCTCTG	10-TTTTCCTCTG	8.256500	-35.941816	0	T:1283.0(4.16%),B:2272.2(3.30%),P:1e-15	Tpos:99.0,Tstd:55.3,Bpos:100.0,Bstd:56.1,StrandBias:0.0,Multiplicity:1.03
0.007	0.027	0.029	0.937
0.001	0.095	0.163	0.741
0.025	0.001	0.034	0.940
0.160	0.001	0.107	0.732
0.145	0.710	0.044	0.101
0.022	0.883	0.094	0.001
0.001	0.001	0.305	0.693
0.261	0.582	0.123	0.034
0.001	0.001	0.001	0.997
0.001	0.001	0.639	0.359
>CGAGACCAAC	11-CGAGACCAAC	9.747880	-35.939180	0	T:31.0(0.10%),B:10.7(0.02%),P:1e-15	Tpos:102.2,Tstd:59.0,Bpos:88.0,Bstd:46.5,StrandBias:0.8,Multiplicity:1.04
0.001	0.997	0.001	0.001
0.001	0.001	0.997	0.001
0.997	0.001	0.001	0.001
0.001	0.001	0.934	0.064
0.997	0.001	0.001	0.001
0.284	0.714	0.001	0.001
0.001	0.949	0.025	0.025
0.997	0.001	0.001	0.001
0.997	0.001	0.001	0.001
0.001	0.997	0.001	0.001
>GTTGCTAAGC	12-GTTGCTAAGC	2.512553	-33.962064	0	T:30577.0(99.06%),B:67891.6(98.55%),P:1e-14	Tpos:100.0,Tstd:55.7,Bpos:100.4,Bstd:57.2,StrandBias:-0.0,Multiplicity:3.73
0.100	0.100	0.700	0.100
0.100	0.100	0.100	0.700
0.100	0.100	0.100	0.700
0.100	0.100	0.700	0.100
0.100	0.700	0.100	0.100
0.100	0.100	0.100	0.700
0.700	0.100	0.100	0.100
0.700	0.100	0.100	0.100
0.100	0.100	0.700	0.100
0.100	0.700	0.100	0.100
>GTAGCGTSGR	13-GTAGCGTSGR	12.362083	-29.746114	0	T:17.0(0.06%),B:3.6(0.01%),P:1e-12	Tpos:80.7,Tstd:46.1,Bpos:101.7,Bstd:48.1,StrandBias:0.2,Multiplicity:1.00
0.001	0.001	0.997	0.001
0.001	0.001	0.001	0.997
0.997	0.001	0.001	0.001
0.001	0.001	0.997	0.001
0.001	0.997	0.001	0.001
0.001	0.001	0.997	0.001
0.001	0.001	0.001	0.997
0.001	0.544	0.454	0.001
0.001	0.001	0.997	0.001
0.495	0.001	0.503	0.001
>TGMTRTTCGG	14-TGMTRTTCGG	12.097859	-25.112522	0	T:20.0(0.06%),B:6.4(0.01%),P:1e-10	Tpos:101.5,Tstd:50.1,Bpos:57.0,Bstd:33.8,StrandBias:0.8,Multiplicity:1.00
0.001	0.001	0.001	0.997
0.001	0.001	0.997	0.001
0.534	0.464	0.001	0.001
0.001	0.249	0.001	0.749
0.495	0.001	0.503	0.001
0.001	0.001	0.001	0.997
0.001	0.001	0.001	0.997
0.001	0.997	0.001	0.001
0.001	0.001	0.997	0.001
0.001	0.001	0.997	0.001
>GGTCTTAGTC	15-GGTCTTAGTC	11.314243	-24.807576	0	T:25.0(0.08%),B:10.9(0.02%),P:1e-10	Tpos:102.9,Tstd:55.6,Bpos:110.4,Bstd:49.9,StrandBias:-0.3,Multiplicity:1.00
0.131	0.001	0.867	0.001
0.001	0.001	0.997	0.001
0.001	0.001	0.001	0.997
0.001	0.997	0.001	0.001
0.001	0.001	0.001	0.997
0.091	0.001	0.001	0.907
0.672	0.326	0.001	0.001
0.001	0.001	0.997	0.001
0.001	0.001	0.001	0.997
0.001	0.997	0.001	0.001
>CGCACAGGTC	16-CGCACAGGTC	10.483495	-24.721132	0	T:15.0(0.05%),B:3.7(0.01%),P:1e-10	Tpos:111.4,Tstd:51.6,Bpos:76.2,Bstd:20.6,StrandBias:0.7,Multiplicity:1.00
0.001	0.997	0.001	0.001
0.001	0.001	0.997	0.001
0.001	0.997	0.001	0.001
0.997	0.001	0.001	0.001
0.001	0.963	0.001	0.035
0.997	0.001	0.001	0.001
0.001	0.001	0.997	0.001
0.001	0.001	0.997	0.001
0.001	0.001	0.001	0.997
0.001	0.997	0.001	0.001
>CTTGTAAGCC	17-CTTGTAAGCC	10.296193	-22.129394	0	T:12.0(0.04%),B:2.9(0.00%),P:1e-9	Tpos:101.3,Tstd:42.5,Bpos:115.9,Bstd:47.8,StrandBias:-0.3,Multiplicity:1.00
0.100	0.700	0.100	0.100
0.100	0.100	0.100	0.700
0.100	0.100	0.100	0.700
0.100	0.100	0.700	0.100
0.100	0.100	0.100	0.700
0.700	0.100	0.100	0.100
0.700	0.100	0.100	0.100
0.100	0.100	0.700	0.100
0.100	0.700	0.100	0.100
0.100	0.700	0.100	0.100
>AGGTCAACTT	18-AGGTCAACTT	10.296193	-18.690046	0	T:14.0(0.05%),B:4.4(0.01%),P:1e-8	Tpos:98.9,Tstd:45.5,Bpos:112.4,Bstd:46.9,StrandBias:-1.4,Multiplicity:1.00
0.700	0.100	0.100	0.100
0.100	0.100	0.700	0.100
0.100	0.100	0.700	0.100
0.100	0.100	0.100	0.700
0.100	0.700	0.100	0.100
0.700	0.100	0.100	0.100
0.700	0.100	0.100	0.100
0.100	0.700	0.100	0.100
0.100	0.100	0.100	0.700
0.100	0.100	0.100	0.700
>CCCCGAAAGT	19-CCCCGAAAGT	12.229484	-18.272078	0	T:20.0(0.06%),B:9.1(0.01%),P:1e-7	Tpos:100.6,Tstd:37.7,Bpos:138.8,Bstd:32.2,StrandBias:0.7,Multiplicity:1.00
0.256	0.742	0.001	0.001
0.001	0.943	0.055	0.001
0.001	0.997	0.001	0.001
0.001	0.997	0.001	0.001
0.001	0.001	0.997	0.001
0.997	0.001	0.001	0.001
0.826	0.172	0.001	0.001
0.997	0.001	0.001	0.001
0.001	0.001	0.997	0.001
0.001	0.001	0.001	0.997
>TCTGTAATGT	20-TCTGTAATGT	10.393883	-18.048499	0	T:23.0(0.07%),B:12.8(0.02%),P:1e-7	Tpos:111.8,Tstd:51.1,Bpos:94.4,Bstd:44.0,StrandBias:-0.5,Multiplicity:1.00
0.001	0.001	0.001	0.997
0.001	0.997	0.001	0.001
0.001	0.082	0.032	0.885
0.001	0.001	0.997	0.001
0.001	0.001	0.001	0.997
0.997	0.001	0.001	0.001
0.997	0.001	0.001	0.001
0.001	0.001	0.001	0.997
0.001	0.001	0.997	0.001
0.001	0.001	0.001	0.997
>TTCAGCCATT	21-TTCAGCCATT	10.296193	-17.186987	0	T:28.0(0.09%),B:19.0(0.03%),P:1e-7	Tpos:87.5,Tstd:51.2,Bpos:116.1,Bstd:45.6,StrandBias:0.7,Multiplicity:1.05
0.100	0.100	0.100	0.700
0.100	0.100	0.100	0.700
0.100	0.700	0.100	0.100
0.700	0.100	0.100	0.100
0.100	0.100	0.700	0.100
0.100	0.700	0.100	0.100
0.100	0.700	0.100	0.100
0.700	0.100	0.100	0.100
0.100	0.100	0.100	0.700
0.100	0.100	0.100	0.700
>GAAAGGACCG	22-GAAAGGACCG	10.296193	-15.573281	0	T:15.0(0.05%),B:6.4(0.01%),P:1e-6	Tpos:99.9,Tstd:51.0,Bpos:72.0,Bstd:37.9,StrandBias:1.3,Multiplicity:1.00
0.100	0.100	0.700	0.100
0.700	0.100	0.100	0.100
0.700	0.100	0.100	0.100
0.700	0.100	0.100	0.100
0.100	0.100	0.700	0.100
0.100	0.100	0.700	0.100
0.700	0.100	0.100	0.100
0.100	0.700	0.100	0.100
0.100	0.700	0.100	0.100
0.100	0.100	0.700	0.100
>CGCTCTAAAT	23-CGCTCTAAAT	11.918819	-13.675724	0	T:15.0(0.05%),B:7.1(0.01%),P:1e-5	Tpos:100.5,Tstd:60.2,Bpos:80.6,Bstd:23.7,StrandBias:0.2,Multiplicity:1.00
0.001	0.997	0.001	0.001
0.001	0.001	0.997	0.001
0.001	0.997	0.001	0.001
0.001	0.001	0.331	0.667
0.001	0.997	0.001	0.001
0.001	0.001	0.331	0.667
0.662	0.001	0.336	0.001
0.997	0.001	0.001	0.001
0.997	0.001	0.001	0.001
0.001	0.001	0.001	0.997
>GACATCCACT	24-GACATCCACT	11.997051	-10.732529	0	T:15.0(0.05%),B:9.9(0.01%),P:1e-4	Tpos:106.8,Tstd:62.4,Bpos:112.6,Bstd:16.6,StrandBias:0.6,Multiplicity:1.00
0.001	0.001	0.997	0.001
0.997	0.001	0.001	0.001
0.001	0.997	0.001	0.001
0.839	0.001	0.159	0.001
0.001	0.001	0.001	0.997
0.001	0.997	0.001	0.001
0.001	0.997	0.001	0.001
0.997	0.001	0.001	0.001
0.001	0.997	0.001	0.001
0.001	0.001	0.001	0.997
>CTCTAGATTA	25-CTCTAGATTA	11.575184	-10.580654	0	T:13.0(0.04%),B:7.0(0.01%),P:1e-4	Tpos:123.2,Tstd:49.6,Bpos:117.0,Bstd:0.0,StrandBias:1.0,Multiplicity:1.00
0.012	0.777	0.100	0.111
0.123	0.096	0.211	0.570
0.012	0.927	0.012	0.049
0.012	0.025	0.137	0.826
0.779	0.125	0.012	0.084
0.073	0.025	0.877	0.025
0.796	0.001	0.025	0.178
0.037	0.160	0.032	0.771
0.025	0.158	0.075	0.742
0.962	0.012	0.025	0.001
>CCACTAGRTGGC	1-CCACTAGRTGGC	9.634596	-2321.831788	0	T:1889.0(6.12%),B:528.4(0.77%),P:1e-1008	Tpos:99.6,Tstd:38.9,Bpos:100.1,Bstd:55.3,StrandBias:-0.0,Multiplicity:1.01
0.127	0.727	0.078	0.068
0.001	0.997	0.001	0.001
0.883	0.040	0.029	0.048
0.022	0.706	0.237	0.035
0.202	0.297	0.001	0.499
0.943	0.001	0.036	0.020
0.001	0.001	0.997	0.001
0.507	0.009	0.483	0.001
0.021	0.001	0.403	0.575
0.001	0.001	0.997	0.001
0.023	0.024	0.876	0.077
0.129	0.690	0.047	0.134
>AAAVAGGAAGTG	2-AAAVAGGAAGTG	7.330996	-454.822844	0	T:6097.0(19.75%),B:9347.2(13.57%),P:1e-197	Tpos:99.9,Tstd:53.3,Bpos:99.4,Bstd:55.8,StrandBias:-0.0,Multiplicity:1.15
0.608	0.111	0.216	0.065
0.623	0.082	0.204	0.091
0.645	0.001	0.211	0.143
0.275	0.259	0.395	0.071
0.794	0.001	0.200	0.005
0.046	0.001	0.951	0.002
0.097	0.001	0.901	0.001
0.966	0.032	0.001	0.001
0.979	0.001	0.009	0.011
0.313	0.117	0.568	0.002
0.124	0.227	0.056	0.593
0.238	0.142	0.425	0.194
>AGGTGGCACTRT	3-AGGTGGCACTRT	9.752874	-450.632773	0	T:737.0(2.39%),B:432.3(0.63%),P:1e-195	Tpos:98.1,Tstd:48.4,Bpos:99.5,Bstd:55.1,StrandBias:-0.1,Multiplicity:1.01
0.945	0.001	0.053	0.001
0.028	0.001	0.912	0.059
0.247	0.001	0.745	0.007
0.004	0.001	0.289	0.706
0.001	0.001	0.997	0.001
0.005	0.073	0.775	0.147
0.070	0.928	0.001	0.001
0.629	0.009	0.324	0.038
0.191	0.570	0.238	0.001
0.060	0.285	0.031	0.624
0.455	0.059	0.445	0.041
0.014	0.005	0.397	0.584
>TTTGTGGTTTCG	4-TTTGTGGTTTCG	7.571850	-109.274373	0	T:1399.0(4.53%),B:2076.5(3.01%),P:1e-47	Tpos:99.8,Tstd:54.9,Bpos:100.3,Bstd:56.1,StrandBias:-0.0,Multiplicity:1.03
0.062	0.076	0.067	0.795
0.044	0.056	0.053	0.847
0.029	0.017	0.039	0.915
0.026	0.050	0.862	0.062
0.040	0.017	0.019	0.924
0.019	0.020	0.938	0.023
0.080	0.033	0.860	0.027
0.022	0.080	0.041	0.857
0.020	0.042	0.022	0.916
0.043	0.056	0.035	0.866
0.099	0.672	0.080	0.149
0.140	0.155	0.552	0.153
>TGTTATGTAAWN	5-TGTTATGTAAWN	3.814790	-87.177567	0	T:7376.0(23.90%),B:14364.1(20.85%),P:1e-37	Tpos:99.9,Tstd:55.0,Bpos:99.8,Bstd:55.8,StrandBias:0.0,Multiplicity:1.23
0.235	0.134	0.077	0.554
0.159	0.075	0.644	0.122
0.001	0.010	0.029	0.960
0.020	0.064	0.045	0.871
0.903	0.010	0.082	0.005
0.001	0.097	0.042	0.860
0.009	0.001	0.989	0.001
0.135	0.097	0.052	0.716
0.968	0.010	0.010	0.012
0.979	0.005	0.015	0.001
0.278	0.125	0.199	0.398
0.200	0.345	0.229	0.227
>AATTAAATCGGG	6-AATTAAATCGGG	2.493450	-81.398314	0	T:21339.0(69.13%),B:45317.5(65.78%),P:1e-35	Tpos:99.6,Tstd:56.2,Bpos:99.7,Bstd:56.9,StrandBias:-0.0,Multiplicity:1.69
0.790	0.085	0.062	0.063
0.773	0.057	0.068	0.102
0.096	0.060	0.063	0.781
0.099	0.057	0.073	0.771
0.812	0.057	0.063	0.068
0.764	0.071	0.073	0.092
0.788	0.081	0.077	0.054
0.095	0.064	0.104	0.737
0.113	0.672	0.122	0.093
0.172	0.072	0.627	0.129
0.095	0.042	0.762	0.101
0.066	0.136	0.724	0.074
>GGCTTCCTGCCA	7-GGCTTCCTGCCA	9.235931	-76.148462	0	T:766.0(2.48%),B:1073.7(1.56%),P:1e-33	Tpos:100.0,Tstd:54.3,Bpos:102.6,Bstd:56.6,StrandBias:0.1,Multiplicity:1.02
0.089	0.065	0.774	0.072
0.050	0.079	0.838	0.033
0.041	0.827	0.050	0.082
0.052	0.051	0.027	0.870
0.043	0.084	0.095	0.778
0.025	0.862	0.062	0.051
0.032	0.891	0.030	0.047
0.070	0.025	0.023	0.882
0.049	0.078	0.818	0.055
0.065	0.834	0.043	0.058
0.078	0.847	0.030	0.045
0.780	0.079	0.081	0.060
>GGTTAGCGAAAC	8-GGTTAGCGAAAC	2.625881	-69.514618	0	T:29637.0(96.01%),B:65164.5(94.60%),P:1e-30	Tpos:100.4,Tstd:54.8,Bpos:100.4,Bstd:56.3,StrandBias:-0.0,Multiplicity:2.89
0.100	0.100	0.700	0.100
0.100	0.100	0.700	0.100
0.100	0.100	0.100	0.700
0.100	0.100	0.100	0.700
0.700	0.100	0.100	0.100
0.100	0.100	0.700	0.100
0.100	0.700	0.100	0.100
0.100	0.100	0.700	0.100
0.700	0.100	0.100	0.100
0.700	0.100	0.100	0.100
0.700	0.100	0.100	0.100
0.100	0.700	0.100	0.100
>GGCAGCAGAGMG	9-GGCAGCAGAGMG	12.556632	-60.438579	0	T:82.0(0.27%),B:42.2(0.06%),P:1e-26	Tpos:94.2,Tstd:54.2,Bpos:98.1,Bstd:54.1,StrandBias:-0.2,Multiplicity:1.00
0.081	0.001	0.739	0.179
0.001	0.081	0.900	0.018
0.001	0.856	0.142	0.001
0.981	0.001	0.017	0.001
0.018	0.081	0.883	0.018
0.018	0.873	0.001	0.108
0.981	0.001	0.017	0.001
0.149	0.046	0.798	0.007
0.918	0.001	0.001	0.080
0.001	0.080	0.918	0.001
0.454	0.544	0.001	0.001
0.295	0.001	0.703	0.001
>AGAAAGCCWCCC	10-AGAAAGCCWCCC	-6.640768	-53.413432	0	T:13041.0(42.25%),B:27175.6(39.45%),P:1e-23	Tpos:99.7,Tstd:55.0,Bpos:99.9,Bstd:55.4,StrandBias:0.0,Multiplicity:1.27
0.997	0.001	0.001	0.001
0.001	0.001	0.997	0.001
0.661	0.001	0.001	0.337
0.820	0.178	0.001	0.001
0.997	0.001	0.001	0.001
0.001	0.001	0.997	0.001
0.001	0.997	0.001	0.001
0.001	0.997	0.001	0.001
0.458	0.001	0.001	0.540
0.001	0.997	0.001	0.001
0.001	0.819	0.179	0.001
0.001	0.997	0.001	0.001
>CACCGCGGACAG	11-CACCGCGGACAG	11.134135	-53.373062	0	T:68.0(0.22%),B:33.5(0.05%),P:1e-23	Tpos:101.0,Tstd:51.4,Bpos:94.1,Bstd:65.3,StrandBias:0.4,Multiplicity:1.01
0.001	0.984	0.001	0.014
0.945	0.039	0.001	0.015
0.015	0.969	0.001	0.015
0.001	0.984	0.014	0.001
0.090	0.001	0.894	0.015
0.039	0.891	0.069	0.001
0.015	0.069	0.915	0.001
0.015	0.001	0.969	0.015
0.862	0.054	0.069	0.015
0.001	0.984	0.014	0.001
0.984	0.001	0.014	0.001
0.015	0.015	0.969	0.001
>AATTACTCATTG	12-AATTACTCATTG	12.211167	-47.624828	0	T:50.0(0.16%),B:20.5(0.03%),P:1e-20	Tpos:90.5,Tstd:52.0,Bpos:131.4,Bstd:45.4,StrandBias:0.6,Multiplicity:1.00
0.997	0.001	0.001	0.001
0.928	0.001	0.070	0.001
0.015	0.001	0.142	0.842
0.001	0.001	0.165	0.833
0.777	0.001	0.071	0.151
0.001	0.767	0.142	0.090
0.001	0.001	0.001	0.997
0.001	0.997	0.001	0.001
0.928	0.070	0.001	0.001
0.071	0.335	0.001	0.593
0.001	0.001	0.001	0.997
0.071	0.071	0.857	0.001
>GGVAGAGGGRGA	13-GGVAGAGGGRGA	7.440843	-47.155904	0	T:4799.0(15.55%),B:9422.4(13.68%),P:1e-20	Tpos:100.3,Tstd:54.7,Bpos:101.2,Bstd:56.3,StrandBias:-0.1,Multiplicity:1.11
0.062	0.047	0.679	0.212
0.278	0.174	0.503	0.045
0.296	0.303	0.383	0.018
0.858	0.044	0.083	0.015
0.052	0.021	0.912	0.015
0.906	0.019	0.053	0.022
0.359	0.028	0.582	0.031
0.048	0.022	0.886	0.044
0.034	0.258	0.671	0.037
0.510	0.047	0.399	0.044
0.052	0.038	0.888	0.022
0.560	0.358	0.068	0.014
>CCAGCAGAGGTC	14-CCAGCAGAGGTC	12.986184	-46.410904	0	T:33.0(0.11%),B:8.5(0.01%),P:1e-20	Tpos:114.4,Tstd:48.9,Bpos:110.5,Bstd:61.2,StrandBias:0.3,Multiplicity:1.00
0.001	0.997	0.001	0.001
0.001	0.781	0.109	0.109
0.997	0.001	0.001	0.001
0.001	0.001	0.719	0.279
0.001	0.997	0.001	0.001
0.997	0.001	0.001	0.001
0.279	0.001	0.719	0.001
0.924	0.001	0.074	0.001
0.001	0.001	0.997	0.001
0.001	0.001	0.997	0.001
0.001	0.001	0.001	0.997
0.109	0.889	0.001	0.001
>TCGTTTAAGATC	15-TCGTTTAAGATC	12.955048	-43.940916	0	T:16.0(0.05%),B:0.0(0.00%),P:1e-19	Tpos:97.4,Tstd:52.4,Bpos:0.0,Bstd:0.0,StrandBias:0.0,Multiplicity:1.00
0.001	0.001	0.066	0.932
0.066	0.867	0.066	0.001
0.066	0.066	0.867	0.001
0.001	0.001	0.001	0.997
0.001	0.001	0.001	0.997
0.001	0.001	0.001	0.997
0.932	0.001	0.001	0.066
0.997	0.001	0.001	0.001
0.066	0.001	0.867	0.066
0.799	0.067	0.067	0.067
0.001	0.001	0.001	0.997
0.067	0.799	0.067	0.067
>GSAAACCCCWGT	16-GSAAACCCCWGT	10.004491	-37.132138	0	T:52.0(0.17%),B:28.1(0.04%),P:1e-16	Tpos:85.0,Tstd:53.0,Bpos:113.4,Bstd:46.9,StrandBias:-0.4,Multiplicity:1.00
0.342	0.010	0.610	0.038
0.190	0.279	0.379	0.152
0.959	0.025	0.014	0.002
0.690	0.026	0.010	0.274
0.599	0.108	0.246	0.047
0.020	0.822	0.122	0.036
0.017	0.765	0.014	0.204
0.005	0.638	0.198	0.159
0.157	0.816	0.010	0.017
0.438	0.005	0.219	0.338
0.160	0.271	0.552	0.017
0.215	0.218	0.097	0.470
>BCTTAAGCGCGN	17-BCTTAAGCGCGN	8.160688	-30.385037	0	T:15.0(0.05%),B:2.2(0.00%),P:1e-13	Tpos:88.8,Tstd:48.7,Bpos:69.9,Bstd:5.4,StrandBias:1.0,Multiplicity:1.00
0.202	0.357	0.218	0.223
0.104	0.686	0.096	0.114
0.101	0.134	0.092	0.673
0.105	0.138	0.143	0.614
0.613	0.150	0.132	0.105
0.681	0.093	0.125	0.101
0.112	0.119	0.674	0.095
0.137	0.594	0.137	0.132
0.132	0.146	0.592	0.130
0.134	0.602	0.128	0.136
0.134	0.144	0.580	0.142
0.197	0.228	0.242	0.333
>CTGCACTGYACR	18-CTGCACTGYACR	10.252354	-27.203597	0	T:16.0(0.05%),B:3.7(0.01%),P:1e-11	Tpos:106.6,Tstd:57.5,Bpos:83.7,Bstd:92.2,StrandBias:-1.9,Multiplicity:1.36
0.050	0.566	0.193	0.191
0.231	0.019	0.054	0.696
0.033	0.189	0.618	0.160
0.032	0.606	0.202	0.160
0.883	0.043	0.034	0.040
0.026	0.512	0.229	0.233
0.076	0.037	0.026	0.861
0.028	0.192	0.582	0.198
0.027	0.464	0.020	0.489
0.860	0.044	0.048	0.048
0.041	0.652	0.251	0.056
0.426	0.021	0.427	0.126
>GATCATGCGACC	19-GATCATGCGACC	10.901648	-24.721132	0	T:15.0(0.05%),B:3.3(0.00%),P:1e-10	Tpos:73.4,Tstd:50.0,Bpos:87.0,Bstd:60.9,StrandBias:0.2,Multiplicity:1.00
0.090	0.098	0.743	0.069
0.758	0.093	0.077	0.072
0.075	0.106	0.106	0.713
0.048	0.846	0.075	0.031
0.763	0.114	0.064	0.059
0.074	0.071	0.077	0.778
0.060	0.052	0.821	0.067
0.095	0.639	0.115	0.151
0.086	0.099	0.719	0.096
0.681	0.115	0.111	0.093
0.067	0.762	0.111	0.060
0.064	0.779	0.061	0.096
>GCGCCCTTACTT	20-GCGCCCTTACTT	12.737722	-23.019894	0	T:16.0(0.05%),B:4.9(0.01%),P:1e-9	Tpos:102.5,Tstd:55.7,Bpos:55.8,Bstd:26.1,StrandBias:1.0,Multiplicity:1.00
0.001	0.001	0.997	0.001
0.222	0.666	0.111	0.001
0.001	0.001	0.888	0.110
0.001	0.997	0.001	0.001
0.001	0.997	0.001	0.001
0.001	0.997	0.001	0.001
0.110	0.001	0.001	0.888
0.001	0.001	0.110	0.888
0.832	0.111	0.001	0.056
0.001	0.888	0.001	0.110
0.001	0.110	0.001	0.888
0.001	0.001	0.001	0.997
>CGGAAAGTCCCT	21-CGGAAAGTCCCT	11.816697	-21.035617	0	T:26.0(0.08%),B:13.2(0.02%),P:1e-9	Tpos:111.5,Tstd:47.2,Bpos:112.7,Bstd:59.9,StrandBias:0.3,Multiplicity:1.05
0.022	0.918	0.001	0.059
0.022	0.111	0.866	0.001
0.001	0.001	0.997	0.001
0.777	0.111	0.001	0.111
0.888	0.001	0.110	0.001
0.997	0.001	0.001	0.001
0.001	0.001	0.888	0.110
0.001	0.001	0.001	0.997
0.001	0.888	0.110	0.001
0.001	0.997	0.001	0.001
0.110	0.888	0.001	0.001
0.110	0.001	0.001	0.888
>TCGGTGTTTKTA	22-TCGGTGTTTKTA	12.366351	-15.350968	0	T:23.0(0.07%),B:14.4(0.02%),P:1e-6	Tpos:84.6,Tstd:54.0,Bpos:108.1,Bstd:32.5,StrandBias:-0.2,Multiplicity:1.00
0.001	0.001	0.001	0.997
0.001	0.925	0.001	0.073
0.341	0.001	0.600	0.058
0.001	0.073	0.925	0.001
0.001	0.001	0.073	0.925
0.001	0.073	0.925	0.001
0.001	0.001	0.001	0.997
0.001	0.001	0.001	0.997
0.001	0.001	0.001	0.997
0.074	0.001	0.519	0.406
0.074	0.074	0.001	0.851
0.925	0.001	0.001	0.073
>ATCGCGGTCCCT	23-ATCGCGGTCCCT	10.409522	-13.584849	0	T:17.0(0.06%),B:9.4(0.01%),P:1e-5	Tpos:100.6,Tstd:60.2,Bpos:82.0,Bstd:56.7,StrandBias:0.2,Multiplicity:1.08
0.700	0.100	0.100	0.100
0.100	0.100	0.100	0.700
0.100	0.700	0.100	0.100
0.100	0.100	0.700	0.100
0.100	0.700	0.100	0.100
0.100	0.100	0.700	0.100
0.100	0.100	0.700	0.100
0.100	0.100	0.100	0.700
0.100	0.700	0.100	0.100
0.100	0.700	0.100	0.100
0.100	0.700	0.100	0.100
0.100	0.100	0.100	0.700
>TCTGTGGGAGGT	24-TCTGTGGGAGGT	9.548396	-12.279114	0	T:222.0(0.72%),B:362.6(0.53%),P:1e-5	Tpos:97.7,Tstd:55.4,Bpos:106.9,Bstd:55.4,StrandBias:0.1,Multiplicity:1.06
0.040	0.069	0.060	0.831
0.035	0.816	0.040	0.109
0.031	0.029	0.051	0.889
0.040	0.066	0.823	0.071
0.047	0.033	0.055	0.865
0.049	0.031	0.856	0.064
0.096	0.022	0.822	0.060
0.064	0.066	0.848	0.022
0.837	0.026	0.075	0.062
0.095	0.031	0.823	0.051
0.044	0.076	0.796	0.084
0.069	0.054	0.074	0.803
>CCGTTCTAGCTC	25-CCGTTCTAGCTC	10.507595	-11.941929	0	T:22.0(0.07%),B:16.5(0.02%),P:1e-5	Tpos:108.4,Tstd:58.8,Bpos:69.5,Bstd:51.5,StrandBias:-0.3,Multiplicity:1.00
0.046	0.829	0.078	0.047
0.107	0.792	0.031	0.070
0.078	0.076	0.770	0.076
0.031	0.076	0.046	0.847
0.031	0.078	0.092	0.799
0.046	0.878	0.061	0.015
0.100	0.139	0.046	0.715
0.859	0.031	0.032	0.078
0.108	0.092	0.753	0.047
0.031	0.922	0.046	0.001
0.046	0.046	0.032	0.876
0.001	0.969	0.015	0.015
>AGGTGGCA	1-AGGTGGCA	6.524473	-475.794375	0	T:3990.0(12.93%),B:5393.7(7.83%),P:1e-206	Tpos:99.4,Tstd:51.0,Bpos:99.0,Bstd:57.1,StrandBias:-0.1,Multiplicity:1.07
0.997	0.001	0.001	0.001
0.001	0.001	0.997	0.001
0.263	0.001	0.735	0.001
0.001	0.001	0.185	0.813
0.001	0.001	0.997	0.001
0.001	0.001	0.997	0.001
0.001	0.997	0.001	0.001
0.781	0.001	0.217	0.001
>AGGAAGTG	2-AGGAAGTG	3.486832	-425.890008	0	T:7738.0(25.07%),B:12672.8(18.40%),P:1e-184	Tpos:99.9,Tstd:54.0,Bpos:100.1,Bstd:56.8,StrandBias:0.0,Multiplicity:1.18
0.997	0.001	0.001	0.001
0.001	0.001	0.997	0.001
0.001	0.001	0.997	0.001
0.997	0.001	0.001	0.001
0.997	0.001	0.001	0.001
0.259	0.001	0.739	0.001
0.001	0.102	0.001	0.896
0.284	0.054	0.565	0.097
>CCACTAGA	3-CCACTAGA	9.208035	-359.063645	0	T:1177.0(3.81%),B:1089.8(1.58%),P:1e-155	Tpos:99.7,Tstd:47.4,Bpos:99.6,Bstd:55.9,StrandBias:0.0,Multiplicity:1.01
0.001	0.997	0.001	0.001
0.001	0.997	0.001	0.001
0.997	0.001	0.001	0.001
0.001	0.997	0.001	0.001
0.001	0.199	0.001	0.799
0.997	0.001	0.001	0.001
0.001	0.001	0.997	0.001
0.804	0.001	0.194	0.001
>TYCCYCTT	4-TYCCYCTT	5.666601	-281.044236	0	T:15102.0(48.92%),B:29118.5(42.27%),P:1e-122	Tpos:100.2,Tstd:55.8,Bpos:100.6,Bstd:56.2,StrandBias:0.0,Multiplicity:1.42
0.036	0.001	0.001	0.962
0.001	0.483	0.001	0.515
0.001	0.997	0.001	0.001
0.001	0.929	0.001	0.069
0.001	0.538	0.001	0.460
0.090	0.503	0.260	0.147
0.002	0.223	0.073	0.702
0.184	0.270	0.001	0.545
>WAACCACA	5-WAACCACA	6.052993	-208.616157	0	T:4063.0(13.16%),B:6612.0(9.60%),P:1e-90	Tpos:100.5,Tstd:54.6,Bpos:99.7,Bstd:56.1,StrandBias:-0.0,Multiplicity:1.09
0.375	0.078	0.048	0.498
0.923	0.001	0.045	0.031
0.942	0.035	0.022	0.001
0.001	0.997	0.001	0.001
0.001	0.974	0.009	0.016
0.965	0.022	0.012	0.001
0.001	0.981	0.017	0.001
0.941	0.013	0.008	0.038
>CTGCCAGC	6-CTGCCAGC	5.425601	-191.367965	0	T:10142.0(32.86%),B:19172.2(27.83%),P:1e-83	Tpos:101.4,Tstd:55.5,Bpos:100.8,Bstd:57.6,StrandBias:-0.0,Multiplicity:1.21
0.083	0.655	0.111	0.151
0.110	0.026	0.130	0.734
0.010	0.001	0.988	0.001
0.137	0.575	0.092	0.196
0.136	0.820	0.043	0.001
0.843	0.101	0.030	0.026
0.051	0.137	0.689	0.123
0.144	0.721	0.001	0.134
>GTTGCAAT	7-GTTGCAAT	3.919265	-138.300840	0	T:17330.0(56.14%),B:35464.7(51.48%),P:1e-60	Tpos:99.8,Tstd:55.8,Bpos:99.8,Bstd:57.6,StrandBias:0.0,Multiplicity:1.57
0.036	0.036	0.844	0.084
0.140	0.170	0.113	0.577
0.099	0.027	0.117	0.757
0.096	0.027	0.817	0.060
0.104	0.690	0.052	0.154
0.727	0.109	0.085	0.079
0.788	0.051	0.053	0.108
0.090	0.045	0.060	0.805
>TGTTGCCA	8-TGTTGCCA	4.345134	-130.206935	0	T:24676.0(79.94%),B:52461.3(76.15%),P:1e-56	Tpos:99.8,Tstd:55.9,Bpos:100.1,Bstd:57.1,StrandBias:0.0,Multiplicity:1.52
0.100	0.100	0.100	0.700
0.100	0.100	0.700	0.100
0.100	0.100	0.100	0.700
0.100	0.100	0.100	0.700
0.100	0.100	0.700	0.100
0.100	0.700	0.100	0.100
0.100	0.700	0.100	0.100
0.700	0.100	0.100	0.100
>TGATAATA	9-TGATAATA	4.005640	-108.788650	0	T:12138.0(39.32%),B:24347.1(35.34%),P:1e-47	Tpos:99.9,Tstd:56.4,Bpos:99.4,Bstd:56.4,StrandBias:-0.1,Multiplicity:1.42
0.073	0.019	0.001	0.907
0.035	0.035	0.929	0.001
0.896	0.068	0.035	0.001
0.093	0.056	0.001	0.850
0.828	0.053	0.051	0.068
0.966	0.001	0.032	0.001
0.104	0.090	0.087	0.719
0.903	0.001	0.095	0.001
>TCGGTTTM	10-TCGGTTTM	3.921873	-104.276862	0	T:16121.0(52.23%),B:33194.3(48.19%),P:1e-45	Tpos:100.1,Tstd:56.4,Bpos:100.1,Bstd:57.8,StrandBias:0.0,Multiplicity:1.34
0.144	0.100	0.189	0.567
0.001	0.997	0.001	0.001
0.001	0.058	0.635	0.306
0.286	0.082	0.619	0.013
0.001	0.009	0.093	0.897
0.001	0.089	0.001	0.909
0.081	0.094	0.001	0.824
0.429	0.418	0.078	0.075
>GGAASNAA	11-GGAASNAA	6.405873	-95.176245	0	T:5266.0(17.06%),B:9846.9(14.29%),P:1e-41	Tpos:101.6,Tstd:58.1,Bpos:99.9,Bstd:59.6,StrandBias:0.1,Multiplicity:1.04
0.001	0.060	0.816	0.123
0.190	0.001	0.808	0.001
0.927	0.001	0.001	0.071
0.832	0.104	0.001	0.063
0.001	0.523	0.439	0.037
0.176	0.227	0.304	0.293
0.968	0.001	0.001	0.030
0.867	0.001	0.035	0.097
>ATGACTCA	12-ATGACTCA	6.159339	-81.956960	0	T:2705.0(8.76%),B:4743.6(6.89%),P:1e-35	Tpos:96.7,Tstd:54.6,Bpos:99.9,Bstd:55.3,StrandBias:-0.0,Multiplicity:1.07
0.691	0.132	0.176	0.001
0.001	0.022	0.001	0.976
0.043	0.015	0.901	0.041
0.997	0.001	0.001	0.001
0.077	0.766	0.077	0.080
0.033	0.001	0.001	0.965
0.076	0.895	0.028	0.001
0.938	0.001	0.044	0.017
>AGTAATAC	13-AGTAATAC	4.689865	-70.877087	0	T:8230.0(26.66%),B:16400.9(23.81%),P:1e-30	Tpos:100.6,Tstd:55.8,Bpos:100.2,Bstd:57.6,StrandBias:0.0,Multiplicity:1.13
0.747	0.090	0.063	0.100
0.063	0.083	0.799	0.055
0.070	0.036	0.006	0.888
0.729	0.104	0.091	0.076
0.741	0.021	0.054	0.184
0.089	0.163	0.121	0.627
0.690	0.031	0.166	0.113
0.027	0.784	0.138	0.051
>AAGGCTGA	14-AAGGCTGA	4.345134	-62.081525	0	T:26060.0(84.42%),B:56555.7(82.10%),P:1e-26	Tpos:99.7,Tstd:56.1,Bpos:100.6,Bstd:57.0,StrandBias:0.0,Multiplicity:1.84
0.700	0.100	0.100	0.100
0.700	0.100	0.100	0.100
0.100	0.100	0.700	0.100
0.100	0.100	0.700	0.100
0.100	0.700	0.100	0.100
0.100	0.100	0.100	0.700
0.100	0.100	0.700	0.100
0.700	0.100	0.100	0.100
>KTTWNCCS	15-KTTWNCCS	6.496011	-54.469937	0	T:5342.0(17.31%),B:10470.6(15.20%),P:1e-23	Tpos:100.3,Tstd:56.7,Bpos:100.2,Bstd:58.6,StrandBias:0.0,Multiplicity:1.04
0.001	0.001	0.433	0.565
0.149	0.001	0.001	0.849
0.001	0.001	0.001	0.997
0.520	0.001	0.039	0.440
0.174	0.233	0.318	0.274
0.001	0.997	0.001	0.001
0.001	0.894	0.001	0.104
0.001	0.342	0.441	0.215
>CCATTGTG	16-CCATTGTG	8.906675	-23.492422	0	T:512.0(1.66%),B:849.4(1.23%),P:1e-10	Tpos:97.5,Tstd:58.7,Bpos:97.5,Bstd:53.8,StrandBias:0.2,Multiplicity:1.02
0.001	0.823	0.175	0.001
0.001	0.997	0.001	0.001
0.920	0.001	0.078	0.001
0.001	0.001	0.001	0.997
0.001	0.001	0.001	0.997
0.001	0.001	0.997	0.001
0.001	0.001	0.001	0.997
0.151	0.001	0.847	0.001
>TTACGTAA	17-TTACGTAA	8.236954	-19.413836	0	T:35.0(0.11%),B:24.5(0.04%),P:1e-8	Tpos:95.6,Tstd:61.5,Bpos:93.5,Bstd:53.0,StrandBias:0.0,Multiplicity:1.00
0.100	0.100	0.100	0.700
0.100	0.100	0.100	0.700
0.700	0.100	0.100	0.100
0.100	0.700	0.100	0.100
0.100	0.100	0.700	0.100
0.100	0.100	0.100	0.700
0.700	0.100	0.100	0.100
0.700	0.100	0.100	0.100
>TGGCACGA	18-TGGCACGA	8.009704	-17.800759	0	T:505.0(1.64%),B:874.1(1.27%),P:1e-7	Tpos:104.8,Tstd:54.5,Bpos:104.3,Bstd:56.3,StrandBias:-0.1,Multiplicity:1.02
0.001	0.001	0.001	0.997
0.001	0.052	0.946	0.001
0.361	0.001	0.637	0.001
0.001	0.618	0.380	0.001
0.997	0.001	0.001	0.001
0.001	0.997	0.001	0.001
0.001	0.001	0.997	0.001
0.795	0.001	0.203	0.001
>TGCTATTA	19-TGCTATTA	8.313874	-16.367058	0	T:655.0(2.12%),B:1184.7(1.72%),P:1e-7	Tpos:103.8,Tstd:58.8,Bpos:100.1,Bstd:55.3,StrandBias:0.1,Multiplicity:1.00
0.001	0.001	0.170	0.828
0.186	0.001	0.812	0.001
0.001	0.997	0.001	0.001
0.001	0.001	0.001	0.997
0.997	0.001	0.001	0.001
0.001	0.001	0.001	0.997
0.001	0.001	0.001	0.997
0.904	0.001	0.001	0.094
>TAGGCGTC	20-TAGGCGTC	8.236954	-13.767454	0	T:50.0(0.16%),B:52.6(0.08%),P:1e-5	Tpos:86.3,Tstd:51.2,Bpos:98.5,Bstd:47.1,StrandBias:0.2,Multiplicity:1.00
0.100	0.100	0.100	0.700
0.700	0.100	0.100	0.100
0.100	0.100	0.700	0.100
0.100	0.100	0.700	0.100
0.100	0.700	0.100	0.100
0.100	0.100	0.700	0.100
0.100	0.100	0.100	0.700
0.100	0.700	0.100	0.100
