>CACTAGRKGG	1-CACTAGRKGG	8.573401	-1481.671511	0	T:2113.0(6.85%),B:1115.2(1.62%),P:1e-643	Tpos:99.5,Tstd:41.4,Bpos:96.3,Bstd:56.4,StrandBias:0.0,Multiplicity:1.02
0.008	0.961	0.010	0.021
0.886	0.010	0.071	0.033
0.034	0.789	0.164	0.013
0.161	0.259	0.025	0.555
0.967	0.008	0.006	0.019
0.006	0.015	0.965	0.014
0.518	0.009	0.448	0.025
0.006	0.040	0.441	0.513
0.027	0.019	0.953	0.001
0.014	0.013	0.896	0.077
>AGTGCCCYCT	2-AGTGCCCYCT	8.399105	-656.390186	0	T:2145.0(6.95%),B:1996.6(2.90%),P:1e-285	Tpos:99.8,Tstd:50.9,Bpos:98.6,Bstd:56.2,StrandBias:0.1,Multiplicity:1.02
0.684	0.001	0.314	0.001
0.001	0.203	0.746	0.050
0.001	0.422	0.001	0.576
0.001	0.001	0.997	0.001
0.141	0.857	0.001	0.001
0.001	0.925	0.001	0.073
0.343	0.655	0.001	0.001
0.001	0.460	0.001	0.538
0.001	0.962	0.036	0.001
0.001	0.001	0.001	0.997
>ACTTCCTSTT	3-ACTTCCTSTT	6.850582	-560.684111	0	T:6930.0(22.45%),B:10498.8(15.24%),P:1e-243	Tpos:100.0,Tstd:53.7,Bpos:100.3,Bstd:56.2,StrandBias:0.0,Multiplicity:1.17
0.694	0.021	0.284	0.001
0.001	0.578	0.073	0.348
0.001	0.001	0.001	0.997
0.001	0.001	0.001	0.997
0.001	0.997	0.001	0.001
0.001	0.997	0.001	0.001
0.001	0.133	0.001	0.865
0.087	0.390	0.334	0.190
0.167	0.260	0.001	0.572
0.167	0.251	0.164	0.418
>WAACCACAAN	4-WAACCACAAN	7.294225	-206.371390	0	T:2604.0(8.44%),B:3867.1(5.61%),P:1e-89	Tpos:100.1,Tstd:54.5,Bpos:99.3,Bstd:55.6,StrandBias:-0.1,Multiplicity:1.06
0.475	0.001	0.137	0.387
0.997	0.001	0.001	0.001
0.774	0.083	0.106	0.037
0.001	0.997	0.001	0.001
0.001	0.997	0.001	0.001
0.879	0.117	0.003	0.001
0.001	0.979	0.005	0.015
0.719	0.093	0.001	0.187
0.457	0.148	0.234	0.161
0.264	0.285	0.256	0.196
>ATTGCATAAY	5-ATTGCATAAY	6.451528	-146.883166	0	T:3671.0(11.89%),B:6208.4(9.01%),P:1e-63	Tpos:98.8,Tstd:55.6,Bpos:99.4,Bstd:56.2,StrandBias:-0.0,Multiplicity:1.13
0.625	0.150	0.148	0.077
0.001	0.001	0.001	0.997
0.096	0.001	0.027	0.876
0.307	0.012	0.463	0.218
0.003	0.846	0.001	0.150
0.751	0.001	0.021	0.227
0.192	0.205	0.140	0.463
0.495	0.259	0.098	0.148
0.879	0.010	0.110	0.001
0.103	0.492	0.021	0.384
>GGGGGGAAAA	6-GGGGGGAAAA	4.151845	-129.554287	0	T:16748.0(54.26%),B:34266.8(49.74%),P:1e-56	Tpos:99.4,Tstd:55.4,Bpos:100.1,Bstd:56.1,StrandBias:-0.0,Multiplicity:1.46
0.093	0.091	0.749	0.067
0.097	0.061	0.783	0.059
0.092	0.062	0.784	0.062
0.069	0.052	0.839	0.040
0.061	0.051	0.828	0.060
0.097	0.050	0.791	0.062
0.730	0.040	0.117	0.113
0.880	0.022	0.058	0.040
0.830	0.049	0.069	0.052
0.791	0.090	0.067	0.052
>TAGCAAACCG	7-TAGCAAACCG	3.789525	-124.216139	0	T:15014.0(48.64%),B:30473.4(44.24%),P:1e-53	Tpos:100.0,Tstd:55.2,Bpos:99.6,Bstd:57.7,StrandBias:0.0,Multiplicity:1.34
0.091	0.063	0.084	0.762
0.802	0.070	0.066	0.062
0.073	0.047	0.851	0.029
0.115	0.734	0.102	0.049
0.846	0.073	0.029	0.052
0.839	0.039	0.071	0.051
0.825	0.055	0.050	0.070
0.042	0.756	0.119	0.083
0.080	0.796	0.040	0.084
0.093	0.066	0.790	0.051
>TCAGTAATAG	8-TCAGTAATAG	4.458463	-56.604876	0	T:18638.0(60.38%),B:39597.5(57.48%),P:1e-24	Tpos:100.3,Tstd:55.6,Bpos:100.1,Bstd:55.8,StrandBias:-0.0,Multiplicity:1.62
0.100	0.100	0.100	0.700
0.100	0.700	0.100	0.100
0.700	0.100	0.100	0.100
0.100	0.100	0.700	0.100
0.100	0.100	0.100	0.700
0.700	0.100	0.100	0.100
0.700	0.100	0.100	0.100
0.100	0.100	0.100	0.700
0.700	0.100	0.100	0.100
0.100	0.100	0.700	0.100
>TCGCAYGATC	9-TCGCAYGATC	9.850022	-38.815430	0	T:59.0(0.19%),B:34.3(0.05%),P:1e-16	Tpos:108.4,Tstd:60.1,Bpos:103.8,Bstd:52.2,StrandBias:-0.1,Multiplicity:1.00
0.041	0.001	0.041	0.917
0.001	0.997	0.001	0.001
0.274	0.001	0.724	0.001
0.001	0.958	0.040	0.001
0.917	0.001	0.041	0.041
0.001	0.466	0.058	0.475
0.145	0.001	0.853	0.001
0.710	0.184	0.001	0.105
0.001	0.001	0.040	0.958
0.020	0.924	0.001	0.055
>TTTTCCTCTG	10-TTTTCCTCTG	8.256500	-35.941816	0	T:1283.0(4.16%),B:2272.2(3.30%),P:1e-15	Tpos:99.0,Tstd:55.3,Bpos:100.0,Bstd:56.1,StrandBias:0.0,Multiplicity:1.03
0.007	0.027	0.029	0.937
0.001	0.095	0.163	0.741
0.025	0.001	0.034	0.940
0.160	0.001	0.107	0.732
0.145	0.710	0.044	0.101
0.022	0.883	0.094	0.001
0.001	0.001	0.305	0.693
0.261	0.582	0.123	0.034
0.001	0.001	0.001	0.997
0.001	0.001	0.639	0.359
>CGAGACCAAC	11-CGAGACCAAC	9.747880	-35.939180	0	T:31.0(0.10%),B:10.7(0.02%),P:1e-15	Tpos:102.2,Tstd:59.0,Bpos:88.0,Bstd:46.5,StrandBias:0.8,Multiplicity:1.04
0.001	0.997	0.001	0.001
0.001	0.001	0.997	0.001
0.997	0.001	0.001	0.001
0.001	0.001	0.934	0.064
0.997	0.001	0.001	0.001
0.284	0.714	0.001	0.001
0.001	0.949	0.025	0.025
0.997	0.001	0.001	0.001
0.997	0.001	0.001	0.001
0.001	0.997	0.001	0.001
>GTTGCTAAGC	12-GTTGCTAAGC	2.512553	-33.962064	0	T:30577.0(99.06%),B:67891.6(98.55%),P:1e-14	Tpos:100.0,Tstd:55.7,Bpos:100.4,Bstd:57.2,StrandBias:-0.0,Multiplicity:3.73
0.100	0.100	0.700	0.100
0.100	0.100	0.100	0.700
0.100	0.100	0.100	0.700
0.100	0.100	0.700	0.100
0.100	0.700	0.100	0.100
0.100	0.100	0.100	0.700
0.700	0.100	0.100	0.100
0.700	0.100	0.100	0.100
0.100	0.100	0.700	0.100
0.100	0.700	0.100	0.100
>GTAGCGTSGR	13-GTAGCGTSGR	12.362083	-29.746114	0	T:17.0(0.06%),B:3.6(0.01%),P:1e-12	Tpos:80.7,Tstd:46.1,Bpos:101.7,Bstd:48.1,StrandBias:0.2,Multiplicity:1.00
0.001	0.001	0.997	0.001
0.001	0.001	0.001	0.997
0.997	0.001	0.001	0.001
0.001	0.001	0.997	0.001
0.001	0.997	0.001	0.001
0.001	0.001	0.997	0.001
0.001	0.001	0.001	0.997
0.001	0.544	0.454	0.001
0.001	0.001	0.997	0.001
0.495	0.001	0.503	0.001
>TGMTRTTCGG	14-TGMTRTTCGG	12.097859	-25.112522	0	T:20.0(0.06%),B:6.4(0.01%),P:1e-10	Tpos:101.5,Tstd:50.1,Bpos:57.0,Bstd:33.8,StrandBias:0.8,Multiplicity:1.00
0.001	0.001	0.001	0.997
0.001	0.001	0.997	0.001
0.534	0.464	0.001	0.001
0.001	0.249	0.001	0.749
0.495	0.001	0.503	0.001
0.001	0.001	0.001	0.997
0.001	0.001	0.001	0.997
0.001	0.997	0.001	0.001
0.001	0.001	0.997	0.001
0.001	0.001	0.997	0.001
>GGTCTTAGTC	15-GGTCTTAGTC	11.314243	-24.807576	0	T:25.0(0.08%),B:10.9(0.02%),P:1e-10	Tpos:102.9,Tstd:55.6,Bpos:110.4,Bstd:49.9,StrandBias:-0.3,Multiplicity:1.00
0.131	0.001	0.867	0.001
0.001	0.001	0.997	0.001
0.001	0.001	0.001	0.997
0.001	0.997	0.001	0.001
0.001	0.001	0.001	0.997
0.091	0.001	0.001	0.907
0.672	0.326	0.001	0.001
0.001	0.001	0.997	0.001
0.001	0.001	0.001	0.997
0.001	0.997	0.001	0.001
>CGCACAGGTC	16-CGCACAGGTC	10.483495	-24.721132	0	T:15.0(0.05%),B:3.7(0.01%),P:1e-10	Tpos:111.4,Tstd:51.6,Bpos:76.2,Bstd:20.6,StrandBias:0.7,Multiplicity:1.00
0.001	0.997	0.001	0.001
0.001	0.001	0.997	0.001
0.001	0.997	0.001	0.001
0.997	0.001	0.001	0.001
0.001	0.963	0.001	0.035
0.997	0.001	0.001	0.001
0.001	0.001	0.997	0.001
0.001	0.001	0.997	0.001
0.001	0.001	0.001	0.997
0.001	0.997	0.001	0.001
>CTTGTAAGCC	17-CTTGTAAGCC	10.296193	-22.129394	0	T:12.0(0.04%),B:2.9(0.00%),P:1e-9	Tpos:101.3,Tstd:42.5,Bpos:115.9,Bstd:47.8,StrandBias:-0.3,Multiplicity:1.00
0.100	0.700	0.100	0.100
0.100	0.100	0.100	0.700
0.100	0.100	0.100	0.700
0.100	0.100	0.700	0.100
0.100	0.100	0.100	0.700
0.700	0.100	0.100	0.100
0.700	0.100	0.100	0.100
0.100	0.100	0.700	0.100
0.100	0.700	0.100	0.100
0.100	0.700	0.100	0.100
>AGGTCAACTT	18-AGGTCAACTT	10.296193	-18.690046	0	T:14.0(0.05%),B:4.4(0.01%),P:1e-8	Tpos:98.9,Tstd:45.5,Bpos:112.4,Bstd:46.9,StrandBias:-1.4,Multiplicity:1.00
0.700	0.100	0.100	0.100
0.100	0.100	0.700	0.100
0.100	0.100	0.700	0.100
0.100	0.100	0.100	0.700
0.100	0.700	0.100	0.100
0.700	0.100	0.100	0.100
0.700	0.100	0.100	0.100
0.100	0.700	0.100	0.100
0.100	0.100	0.100	0.700
0.100	0.100	0.100	0.700
>CCCCGAAAGT	19-CCCCGAAAGT	12.229484	-18.272078	0	T:20.0(0.06%),B:9.1(0.01%),P:1e-7	Tpos:100.6,Tstd:37.7,Bpos:138.8,Bstd:32.2,StrandBias:0.7,Multiplicity:1.00
0.256	0.742	0.001	0.001
0.001	0.943	0.055	0.001
0.001	0.997	0.001	0.001
0.001	0.997	0.001	0.001
0.001	0.001	0.997	0.001
0.997	0.001	0.001	0.001
0.826	0.172	0.001	0.001
0.997	0.001	0.001	0.001
0.001	0.001	0.997	0.001
0.001	0.001	0.001	0.997
>TCTGTAATGT	20-TCTGTAATGT	10.393883	-18.048499	0	T:23.0(0.07%),B:12.8(0.02%),P:1e-7	Tpos:111.8,Tstd:51.1,Bpos:94.4,Bstd:44.0,StrandBias:-0.5,Multiplicity:1.00
0.001	0.001	0.001	0.997
0.001	0.997	0.001	0.001
0.001	0.082	0.032	0.885
0.001	0.001	0.997	0.001
0.001	0.001	0.001	0.997
0.997	0.001	0.001	0.001
0.997	0.001	0.001	0.001
0.001	0.001	0.001	0.997
0.001	0.001	0.997	0.001
0.001	0.001	0.001	0.997
>TTCAGCCATT	21-TTCAGCCATT	10.296193	-17.186987	0	T:28.0(0.09%),B:19.0(0.03%),P:1e-7	Tpos:87.5,Tstd:51.2,Bpos:116.1,Bstd:45.6,StrandBias:0.7,Multiplicity:1.05
0.100	0.100	0.100	0.700
0.100	0.100	0.100	0.700
0.100	0.700	0.100	0.100
0.700	0.100	0.100	0.100
0.100	0.100	0.700	0.100
0.100	0.700	0.100	0.100
0.100	0.700	0.100	0.100
0.700	0.100	0.100	0.100
0.100	0.100	0.100	0.700
0.100	0.100	0.100	0.700
>GAAAGGACCG	22-GAAAGGACCG	10.296193	-15.573281	0	T:15.0(0.05%),B:6.4(0.01%),P:1e-6	Tpos:99.9,Tstd:51.0,Bpos:72.0,Bstd:37.9,StrandBias:1.3,Multiplicity:1.00
0.100	0.100	0.700	0.100
0.700	0.100	0.100	0.100
0.700	0.100	0.100	0.100
0.700	0.100	0.100	0.100
0.100	0.100	0.700	0.100
0.100	0.100	0.700	0.100
0.700	0.100	0.100	0.100
0.100	0.700	0.100	0.100
0.100	0.700	0.100	0.100
0.100	0.100	0.700	0.100
>CGCTCTAAAT	23-CGCTCTAAAT	11.918819	-13.675724	0	T:15.0(0.05%),B:7.1(0.01%),P:1e-5	Tpos:100.5,Tstd:60.2,Bpos:80.6,Bstd:23.7,StrandBias:0.2,Multiplicity:1.00
0.001	0.997	0.001	0.001
0.001	0.001	0.997	0.001
0.001	0.997	0.001	0.001
0.001	0.001	0.331	0.667
0.001	0.997	0.001	0.001
0.001	0.001	0.331	0.667
0.662	0.001	0.336	0.001
0.997	0.001	0.001	0.001
0.997	0.001	0.001	0.001
0.001	0.001	0.001	0.997
>GACATCCACT	24-GACATCCACT	11.997051	-10.732529	0	T:15.0(0.05%),B:9.9(0.01%),P:1e-4	Tpos:106.8,Tstd:62.4,Bpos:112.6,Bstd:16.6,StrandBias:0.6,Multiplicity:1.00
0.001	0.001	0.997	0.001
0.997	0.001	0.001	0.001
0.001	0.997	0.001	0.001
0.839	0.001	0.159	0.001
0.001	0.001	0.001	0.997
0.001	0.997	0.001	0.001
0.001	0.997	0.001	0.001
0.997	0.001	0.001	0.001
0.001	0.997	0.001	0.001
0.001	0.001	0.001	0.997
>CTCTAGATTA	25-CTCTAGATTA	11.575184	-10.580654	0	T:13.0(0.04%),B:7.0(0.01%),P:1e-4	Tpos:123.2,Tstd:49.6,Bpos:117.0,Bstd:0.0,StrandBias:1.0,Multiplicity:1.00
0.012	0.777	0.100	0.111
0.123	0.096	0.211	0.570
0.012	0.927	0.012	0.049
0.012	0.025	0.137	0.826
0.779	0.125	0.012	0.084
0.073	0.025	0.877	0.025
0.796	0.001	0.025	0.178
0.037	0.160	0.032	0.771
0.025	0.158	0.075	0.742
0.962	0.012	0.025	0.001
