>CCACTAGRTGGC	1-CCACTAGRTGGC,BestGuess:CTCF/MA0139.2/Jaspar(0.934)	9.634596	-2321.831788	0	T:1889.0(6.12%),B:528.4(0.77%),P:1e-1008
0.127	0.727	0.078	0.068
0.001	0.997	0.001	0.001
0.883	0.040	0.029	0.048
0.022	0.706	0.237	0.035
0.202	0.297	0.001	0.499
0.943	0.001	0.036	0.020
0.001	0.001	0.997	0.001
0.507	0.009	0.483	0.001
0.021	0.001	0.403	0.575
0.001	0.001	0.997	0.001
0.023	0.024	0.876	0.077
0.129	0.690	0.047	0.134
>ACTTCCTSTT	3-ACTTCCTSTT,BestGuess:ELF3(ETS)/PDAC-ELF3-ChIP-Seq(GSE64557)/Homer(0.939)	6.850582	-560.684111	0	T:6930.0(22.45%),B:10498.8(15.24%),P:1e-243
0.694	0.021	0.284	0.001
0.001	0.578	0.073	0.348
0.001	0.001	0.001	0.997
0.001	0.001	0.001	0.997
0.001	0.997	0.001	0.001
0.001	0.997	0.001	0.001
0.001	0.133	0.001	0.865
0.087	0.390	0.334	0.190
0.167	0.260	0.001	0.572
0.167	0.251	0.164	0.418
>WAACCACA	5-WAACCACA,BestGuess:RUNX1(Runt)/Jurkat-RUNX1-ChIP-Seq(GSE29180)/Homer(0.973)	6.052993	-208.616157	0	T:4063.0(13.16%),B:6612.0(9.60%),P:1e-90
0.375	0.078	0.048	0.498
0.923	0.001	0.045	0.031
0.942	0.035	0.022	0.001
0.001	0.997	0.001	0.001
0.001	0.974	0.009	0.016
0.965	0.022	0.012	0.001
0.001	0.981	0.017	0.001
0.941	0.013	0.008	0.038
>CTGCCAGC	6-CTGCCAGC,BestGuess:HIC1(Zf)/Treg-ZBTB29-ChIP-Seq(GSE99889)/Homer(0.907)	5.425601	-191.367965	0	T:10142.0(32.86%),B:19172.2(27.83%),P:1e-83
0.083	0.655	0.111	0.151
0.110	0.026	0.130	0.734
0.010	0.001	0.988	0.001
0.137	0.575	0.092	0.196
0.136	0.820	0.043	0.001
0.843	0.101	0.030	0.026
0.051	0.137	0.689	0.123
0.144	0.721	0.001	0.134
>ATTGCATAAY	5-ATTGCATAAY,BestGuess:NFIL3/MA0025.3/Jaspar(0.908)	6.451528	-146.883166	0	T:3671.0(11.89%),B:6208.4(9.01%),P:1e-63
0.625	0.150	0.148	0.077
0.001	0.001	0.001	0.997
0.096	0.001	0.027	0.876
0.307	0.012	0.463	0.218
0.003	0.846	0.001	0.150
0.751	0.001	0.021	0.227
0.192	0.205	0.140	0.463
0.495	0.259	0.098	0.148
0.879	0.010	0.110	0.001
0.103	0.492	0.021	0.384
>GGGGGGAAAA	6-GGGGGGAAAA,BestGuess:PB0204.1_Zfp740_2/Jaspar(0.762)	4.151845	-129.554287	0	T:16748.0(54.26%),B:34266.8(49.74%),P:1e-56
0.093	0.091	0.749	0.067
0.097	0.061	0.783	0.059
0.092	0.062	0.784	0.062
0.069	0.052	0.839	0.040
0.061	0.051	0.828	0.060
0.097	0.050	0.791	0.062
0.730	0.040	0.117	0.113
0.880	0.022	0.058	0.040
0.830	0.049	0.069	0.052
0.791	0.090	0.067	0.052
>TAGCAAACCG	7-TAGCAAACCG,BestGuess:Rfx6/MA1724.2/Jaspar(0.625)	3.789525	-124.216139	0	T:15014.0(48.64%),B:30473.4(44.24%),P:1e-53
0.091	0.063	0.084	0.762
0.802	0.070	0.066	0.062
0.073	0.047	0.851	0.029
0.115	0.734	0.102	0.049
0.846	0.073	0.029	0.052
0.839	0.039	0.071	0.051
0.825	0.055	0.050	0.070
0.042	0.756	0.119	0.083
0.080	0.796	0.040	0.084
0.093	0.066	0.790	0.051
>TGATAATA	9-TGATAATA,BestGuess:PB0022.1_Gata5_1/Jaspar(0.802)	4.005640	-108.788650	0	T:12138.0(39.32%),B:24347.1(35.34%),P:1e-47
0.073	0.019	0.001	0.907
0.035	0.035	0.929	0.001
0.896	0.068	0.035	0.001
0.093	0.056	0.001	0.850
0.828	0.053	0.051	0.068
0.966	0.001	0.032	0.001
0.104	0.090	0.087	0.719
0.903	0.001	0.095	0.001
>ATGACTCA	12-ATGACTCA,BestGuess:FOSL2::JUN/MA1130.2/Jaspar(0.974)	6.159339	-81.956960	0	T:2705.0(8.76%),B:4743.6(6.89%),P:1e-35
0.691	0.132	0.176	0.001
0.001	0.022	0.001	0.976
0.043	0.015	0.901	0.041
0.997	0.001	0.001	0.001
0.077	0.766	0.077	0.080
0.033	0.001	0.001	0.965
0.076	0.895	0.028	0.001
0.938	0.001	0.044	0.017
>AATTAAATCGGG	6-AATTAAATCGGG,BestGuess:Arid3a/MA0151.1/Jaspar(0.715)	2.493450	-81.398314	0	T:21339.0(69.13%),B:45317.5(65.78%),P:1e-35
0.790	0.085	0.062	0.063
0.773	0.057	0.068	0.102
0.096	0.060	0.063	0.781
0.099	0.057	0.073	0.771
0.812	0.057	0.063	0.068
0.764	0.071	0.073	0.092
0.788	0.081	0.077	0.054
0.095	0.064	0.104	0.737
0.113	0.672	0.122	0.093
0.172	0.072	0.627	0.129
0.095	0.042	0.762	0.101
0.066	0.136	0.724	0.074
>AGTAATAC	13-AGTAATAC,BestGuess:Arid3b/MA0601.2/Jaspar(0.684)	4.689865	-70.877087	0	T:8230.0(26.66%),B:16400.9(23.81%),P:1e-30
0.747	0.090	0.063	0.100
0.063	0.083	0.799	0.055
0.070	0.036	0.006	0.888
0.729	0.104	0.091	0.076
0.741	0.021	0.054	0.184
0.089	0.163	0.121	0.627
0.690	0.031	0.166	0.113
0.027	0.784	0.138	0.051
>GGTTAGCGAAAC	8-GGTTAGCGAAAC,BestGuess:ZBED2/MA1971.2/Jaspar(0.677)	2.625881	-69.514618	0	T:29637.0(96.01%),B:65164.5(94.60%),P:1e-30
0.100	0.100	0.700	0.100
0.100	0.100	0.700	0.100
0.100	0.100	0.100	0.700
0.100	0.100	0.100	0.700
0.700	0.100	0.100	0.100
0.100	0.100	0.700	0.100
0.100	0.700	0.100	0.100
0.100	0.100	0.700	0.100
0.700	0.100	0.100	0.100
0.700	0.100	0.100	0.100
0.700	0.100	0.100	0.100
0.100	0.700	0.100	0.100
>AAGGCTGA	14-AAGGCTGA,BestGuess:FEZF2/MA2341.1/Jaspar(0.768)	4.345134	-62.081525	0	T:26060.0(84.42%),B:56555.7(82.10%),P:1e-26
0.700	0.100	0.100	0.100
0.700	0.100	0.100	0.100
0.100	0.100	0.700	0.100
0.100	0.100	0.700	0.100
0.100	0.700	0.100	0.100
0.100	0.100	0.100	0.700
0.100	0.100	0.700	0.100
0.700	0.100	0.100	0.100
>GGCAGCAGAGMG	9-GGCAGCAGAGMG,BestGuess:ZNF549/MA1728.2/Jaspar(0.734)	12.556632	-60.438579	0	T:82.0(0.27%),B:42.2(0.06%),P:1e-26
0.081	0.001	0.739	0.179
0.001	0.081	0.900	0.018
0.001	0.856	0.142	0.001
0.981	0.001	0.017	0.001
0.018	0.081	0.883	0.018
0.018	0.873	0.001	0.108
0.981	0.001	0.017	0.001
0.149	0.046	0.798	0.007
0.918	0.001	0.001	0.080
0.001	0.080	0.918	0.001
0.454	0.544	0.001	0.001
0.295	0.001	0.703	0.001
>AGAAAGCCWCCC	10-AGAAAGCCWCCC,BestGuess:SP5/MA1965.2/Jaspar(0.666)	-6.640768	-53.413432	0	T:13041.0(42.25%),B:27175.6(39.45%),P:1e-23
0.997	0.001	0.001	0.001
0.001	0.001	0.997	0.001
0.661	0.001	0.001	0.337
0.820	0.178	0.001	0.001
0.997	0.001	0.001	0.001
0.001	0.001	0.997	0.001
0.001	0.997	0.001	0.001
0.001	0.997	0.001	0.001
0.458	0.001	0.001	0.540
0.001	0.997	0.001	0.001
0.001	0.819	0.179	0.001
0.001	0.997	0.001	0.001
>CACCGCGGACAG	11-CACCGCGGACAG,BestGuess:REST/MA0138.3/Jaspar(0.724)	11.134135	-53.373062	0	T:68.0(0.22%),B:33.5(0.05%),P:1e-23
0.001	0.984	0.001	0.014
0.945	0.039	0.001	0.015
0.015	0.969	0.001	0.015
0.001	0.984	0.014	0.001
0.090	0.001	0.894	0.015
0.039	0.891	0.069	0.001
0.015	0.069	0.915	0.001
0.015	0.001	0.969	0.015
0.862	0.054	0.069	0.015
0.001	0.984	0.014	0.001
0.984	0.001	0.014	0.001
0.015	0.015	0.969	0.001
>GGVAGAGGGRGA	13-GGVAGAGGGRGA,BestGuess:Prdm5/MA1999.2/Jaspar(0.680)	7.440843	-47.155904	0	T:4799.0(15.55%),B:9422.4(13.68%),P:1e-20
0.062	0.047	0.679	0.212
0.278	0.174	0.503	0.045
0.296	0.303	0.383	0.018
0.858	0.044	0.083	0.015
0.052	0.021	0.912	0.015
0.906	0.019	0.053	0.022
0.359	0.028	0.582	0.031
0.048	0.022	0.886	0.044
0.034	0.258	0.671	0.037
0.510	0.047	0.399	0.044
0.052	0.038	0.888	0.022
0.560	0.358	0.068	0.014
>TCGTTTAAGATC	15-TCGTTTAAGATC,BestGuess:BARHL1/MA0877.4/Jaspar(0.724)	12.955048	-43.940916	0	T:16.0(0.05%),B:0.0(0.00%),P:1e-19
0.001	0.001	0.066	0.932
0.066	0.867	0.066	0.001
0.066	0.066	0.867	0.001
0.001	0.001	0.001	0.997
0.001	0.001	0.001	0.997
0.001	0.001	0.001	0.997
0.932	0.001	0.001	0.066
0.997	0.001	0.001	0.001
0.066	0.001	0.867	0.066
0.799	0.067	0.067	0.067
0.001	0.001	0.001	0.997
0.067	0.799	0.067	0.067
>TCGCAYGATC	9-TCGCAYGATC,BestGuess:MITF(bHLH)/MastCells-MITF-ChIP-Seq(GSE48085)/Homer(0.677)	9.850022	-38.815430	0	T:59.0(0.19%),B:34.3(0.05%),P:1e-16
0.041	0.001	0.041	0.917
0.001	0.997	0.001	0.001
0.274	0.001	0.724	0.001
0.001	0.958	0.040	0.001
0.917	0.001	0.041	0.041
0.001	0.466	0.058	0.475
0.145	0.001	0.853	0.001
0.710	0.184	0.001	0.105
0.001	0.001	0.040	0.958
0.020	0.924	0.001	0.055
>CGAGACCAAC	11-CGAGACCAAC,BestGuess:PB0036.1_Irf6_1/Jaspar(0.687)	9.747880	-35.939180	0	T:31.0(0.10%),B:10.7(0.02%),P:1e-15
0.001	0.997	0.001	0.001
0.001	0.001	0.997	0.001
0.997	0.001	0.001	0.001
0.001	0.001	0.934	0.064
0.997	0.001	0.001	0.001
0.284	0.714	0.001	0.001
0.001	0.949	0.025	0.025
0.997	0.001	0.001	0.001
0.997	0.001	0.001	0.001
0.001	0.997	0.001	0.001
>GTTGCTAAGC	12-GTTGCTAAGC,BestGuess:PB0056.1_Rfxdc2_1/Jaspar(0.874)	2.512553	-33.962064	0	T:30577.0(99.06%),B:67891.6(98.55%),P:1e-14
0.100	0.100	0.700	0.100
0.100	0.100	0.100	0.700
0.100	0.100	0.100	0.700
0.100	0.100	0.700	0.100
0.100	0.700	0.100	0.100
0.100	0.100	0.100	0.700
0.700	0.100	0.100	0.100
0.700	0.100	0.100	0.100
0.100	0.100	0.700	0.100
0.100	0.700	0.100	0.100
>BCTTAAGCGCGN	17-BCTTAAGCGCGN,BestGuess:ZBTB6/MA1581.2/Jaspar(0.640)	8.160688	-30.385037	0	T:15.0(0.05%),B:2.2(0.00%),P:1e-13
0.202	0.357	0.218	0.223
0.104	0.686	0.096	0.114
0.101	0.134	0.092	0.673
0.105	0.138	0.143	0.614
0.613	0.150	0.132	0.105
0.681	0.093	0.125	0.101
0.112	0.119	0.674	0.095
0.137	0.594	0.137	0.132
0.132	0.146	0.592	0.130
0.134	0.602	0.128	0.136
0.134	0.144	0.580	0.142
0.197	0.228	0.242	0.333
>GTAGCGTSGR	13-GTAGCGTSGR,BestGuess:PB0154.1_Osr1_2/Jaspar(0.646)	12.362083	-29.746114	0	T:17.0(0.06%),B:3.6(0.01%),P:1e-12
0.001	0.001	0.997	0.001
0.001	0.001	0.001	0.997
0.997	0.001	0.001	0.001
0.001	0.001	0.997	0.001
0.001	0.997	0.001	0.001
0.001	0.001	0.997	0.001
0.001	0.001	0.001	0.997
0.001	0.544	0.454	0.001
0.001	0.001	0.997	0.001
0.495	0.001	0.503	0.001
>CTGCACTGYACR	18-CTGCACTGYACR,BestGuess:PB0091.1_Zbtb3_1/Jaspar(0.726)	10.252354	-27.203597	0	T:16.0(0.05%),B:3.7(0.01%),P:1e-11
0.050	0.566	0.193	0.191
0.231	0.019	0.054	0.696
0.033	0.189	0.618	0.160
0.032	0.606	0.202	0.160
0.883	0.043	0.034	0.040
0.026	0.512	0.229	0.233
0.076	0.037	0.026	0.861
0.028	0.192	0.582	0.198
0.027	0.464	0.020	0.489
0.860	0.044	0.048	0.048
0.041	0.652	0.251	0.056
0.426	0.021	0.427	0.126
>TGMTRTTCGG	14-TGMTRTTCGG,BestGuess:ZNF341/MA1655.2/Jaspar(0.658)	12.097859	-25.112522	0	T:20.0(0.06%),B:6.4(0.01%),P:1e-10
0.001	0.001	0.001	0.997
0.001	0.001	0.997	0.001
0.534	0.464	0.001	0.001
0.001	0.249	0.001	0.749
0.495	0.001	0.503	0.001
0.001	0.001	0.001	0.997
0.001	0.001	0.001	0.997
0.001	0.997	0.001	0.001
0.001	0.001	0.997	0.001
0.001	0.001	0.997	0.001
>GGTCTTAGTC	15-GGTCTTAGTC,BestGuess:ZNF682/MA1599.2/Jaspar(0.632)	11.314243	-24.807576	0	T:25.0(0.08%),B:10.9(0.02%),P:1e-10
0.131	0.001	0.867	0.001
0.001	0.001	0.997	0.001
0.001	0.001	0.001	0.997
0.001	0.997	0.001	0.001
0.001	0.001	0.001	0.997
0.091	0.001	0.001	0.907
0.672	0.326	0.001	0.001
0.001	0.001	0.997	0.001
0.001	0.001	0.001	0.997
0.001	0.997	0.001	0.001
>CGCACAGGTC	16-CGCACAGGTC,BestGuess:PB0049.1_Nr2f2_1/Jaspar(0.666)	10.483495	-24.721132	0	T:15.0(0.05%),B:3.7(0.01%),P:1e-10
0.001	0.997	0.001	0.001
0.001	0.001	0.997	0.001
0.001	0.997	0.001	0.001
0.997	0.001	0.001	0.001
0.001	0.963	0.001	0.035
0.997	0.001	0.001	0.001
0.001	0.001	0.997	0.001
0.001	0.001	0.997	0.001
0.001	0.001	0.001	0.997
0.001	0.997	0.001	0.001
>CCATTGTG	16-CCATTGTG,BestGuess:Sox3/MA0514.3/Jaspar(0.943)	8.906675	-23.492422	0	T:512.0(1.66%),B:849.4(1.23%),P:1e-10
0.001	0.823	0.175	0.001
0.001	0.997	0.001	0.001
0.920	0.001	0.078	0.001
0.001	0.001	0.001	0.997
0.001	0.001	0.001	0.997
0.001	0.001	0.997	0.001
0.001	0.001	0.001	0.997
0.151	0.001	0.847	0.001
>GCGCCCTTACTT	20-GCGCCCTTACTT,BestGuess:PB0009.1_E2F3_1/Jaspar(0.627)	12.737722	-23.019894	0	T:16.0(0.05%),B:4.9(0.01%),P:1e-9
0.001	0.001	0.997	0.001
0.222	0.666	0.111	0.001
0.001	0.001	0.888	0.110
0.001	0.997	0.001	0.001
0.001	0.997	0.001	0.001
0.001	0.997	0.001	0.001
0.110	0.001	0.001	0.888
0.001	0.001	0.110	0.888
0.832	0.111	0.001	0.056
0.001	0.888	0.001	0.110
0.001	0.110	0.001	0.888
0.001	0.001	0.001	0.997
>CTTGTAAGCC	17-CTTGTAAGCC,BestGuess:Pitx1(Homeobox)/Chicken-Pitx1-ChIP-Seq(GSE38910)/Homer(0.642)	10.296193	-22.129394	0	T:12.0(0.04%),B:2.9(0.00%),P:1e-9
0.100	0.700	0.100	0.100
0.100	0.100	0.100	0.700
0.100	0.100	0.100	0.700
0.100	0.100	0.700	0.100
0.100	0.100	0.100	0.700
0.700	0.100	0.100	0.100
0.700	0.100	0.100	0.100
0.100	0.100	0.700	0.100
0.100	0.700	0.100	0.100
0.100	0.700	0.100	0.100
>CGGAAAGTCCCT	21-CGGAAAGTCCCT,BestGuess:RELA/MA0107.1/Jaspar(0.810)	11.816697	-21.035617	0	T:26.0(0.08%),B:13.2(0.02%),P:1e-9
0.022	0.918	0.001	0.059
0.022	0.111	0.866	0.001
0.001	0.001	0.997	0.001
0.777	0.111	0.001	0.111
0.888	0.001	0.110	0.001
0.997	0.001	0.001	0.001
0.001	0.001	0.888	0.110
0.001	0.001	0.001	0.997
0.001	0.888	0.110	0.001
0.001	0.997	0.001	0.001
0.110	0.888	0.001	0.001
0.110	0.001	0.001	0.888
>AGGTCAACTT	18-AGGTCAACTT,BestGuess:Nr1H2/MA1996.2/Jaspar(0.774)	10.296193	-18.690046	0	T:14.0(0.05%),B:4.4(0.01%),P:1e-8
0.700	0.100	0.100	0.100
0.100	0.100	0.700	0.100
0.100	0.100	0.700	0.100
0.100	0.100	0.100	0.700
0.100	0.700	0.100	0.100
0.700	0.100	0.100	0.100
0.700	0.100	0.100	0.100
0.100	0.700	0.100	0.100
0.100	0.100	0.100	0.700
0.100	0.100	0.100	0.700
>TGGCACGA	18-TGGCACGA,BestGuess:Npas4(bHLH)/Neuron-Npas4-ChIP-Seq(GSE127793)/Homer(0.763)	8.009704	-17.800759	0	T:505.0(1.64%),B:874.1(1.27%),P:1e-7
0.001	0.001	0.001	0.997
0.001	0.052	0.946	0.001
0.361	0.001	0.637	0.001
0.001	0.618	0.380	0.001
0.997	0.001	0.001	0.001
0.001	0.997	0.001	0.001
0.001	0.001	0.997	0.001
0.795	0.001	0.203	0.001
>GAAAGGACCG	22-GAAAGGACCG,BestGuess:PB0137.1_Irf3_2/Jaspar(0.784)	10.296193	-15.573281	0	T:15.0(0.05%),B:6.4(0.01%),P:1e-6
0.100	0.100	0.700	0.100
0.700	0.100	0.100	0.100
0.700	0.100	0.100	0.100
0.700	0.100	0.100	0.100
0.100	0.100	0.700	0.100
0.100	0.100	0.700	0.100
0.700	0.100	0.100	0.100
0.100	0.700	0.100	0.100
0.100	0.700	0.100	0.100
0.100	0.100	0.700	0.100
>TCGGTGTTTKTA	22-TCGGTGTTTKTA,BestGuess:Foxf1(Forkhead)/Lung-Foxf1-ChIP-Seq(GSE77951)/Homer(0.658)	12.366351	-15.350968	0	T:23.0(0.07%),B:14.4(0.02%),P:1e-6
0.001	0.001	0.001	0.997
0.001	0.925	0.001	0.073
0.341	0.001	0.600	0.058
0.001	0.073	0.925	0.001
0.001	0.001	0.073	0.925
0.001	0.073	0.925	0.001
0.001	0.001	0.001	0.997
0.001	0.001	0.001	0.997
0.001	0.001	0.001	0.997
0.074	0.001	0.519	0.406
0.074	0.074	0.001	0.851
0.925	0.001	0.001	0.073
>TAGGCGTC	20-TAGGCGTC,BestGuess:Foxn1/MA1684.1/Jaspar(0.736)	8.236954	-13.767454	0	T:50.0(0.16%),B:52.6(0.08%),P:1e-5
0.100	0.100	0.100	0.700
0.700	0.100	0.100	0.100
0.100	0.100	0.700	0.100
0.100	0.100	0.700	0.100
0.100	0.700	0.100	0.100
0.100	0.100	0.700	0.100
0.100	0.100	0.100	0.700
0.100	0.700	0.100	0.100
>TCTGTGGGAGGT	24-TCTGTGGGAGGT,BestGuess:WT1(Zf)/Kidney-WT1-ChIP-Seq(GSE90016)/Homer(0.751)	9.548396	-12.279114	0	T:222.0(0.72%),B:362.6(0.53%),P:1e-5
0.040	0.069	0.060	0.831
0.035	0.816	0.040	0.109
0.031	0.029	0.051	0.889
0.040	0.066	0.823	0.071
0.047	0.033	0.055	0.865
0.049	0.031	0.856	0.064
0.096	0.022	0.822	0.060
0.064	0.066	0.848	0.022
0.837	0.026	0.075	0.062
0.095	0.031	0.823	0.051
0.044	0.076	0.796	0.084
0.069	0.054	0.074	0.803
>CCGTTCTAGCTC	25-CCGTTCTAGCTC,BestGuess:ZBTB12/MA1649.2/Jaspar(0.683)	10.507595	-11.941929	0	T:22.0(0.07%),B:16.5(0.02%),P:1e-5
0.046	0.829	0.078	0.047
0.107	0.792	0.031	0.070
0.078	0.076	0.770	0.076
0.031	0.076	0.046	0.847
0.031	0.078	0.092	0.799
0.046	0.878	0.061	0.015
0.100	0.139	0.046	0.715
0.859	0.031	0.032	0.078
0.108	0.092	0.753	0.047
0.031	0.922	0.046	0.001
0.046	0.046	0.032	0.876
0.001	0.969	0.015	0.015
>GACATCCACT	24-GACATCCACT,BestGuess:ZNF354C/MA0130.1/Jaspar(0.724)	11.997051	-10.732529	0	T:15.0(0.05%),B:9.9(0.01%),P:1e-4
0.001	0.001	0.997	0.001
0.997	0.001	0.001	0.001
0.001	0.997	0.001	0.001
0.839	0.001	0.159	0.001
0.001	0.001	0.001	0.997
0.001	0.997	0.001	0.001
0.001	0.997	0.001	0.001
0.997	0.001	0.001	0.001
0.001	0.997	0.001	0.001
0.001	0.001	0.001	0.997
>CTCTAGATTA	25-CTCTAGATTA,BestGuess:GATA1/MA0035.5/Jaspar(0.717)	11.575184	-10.580654	0	T:13.0(0.04%),B:7.0(0.01%),P:1e-4
0.012	0.777	0.100	0.111
0.123	0.096	0.211	0.570
0.012	0.927	0.012	0.049
0.012	0.025	0.137	0.826
0.779	0.125	0.012	0.084
0.073	0.025	0.877	0.025
0.796	0.001	0.025	0.178
0.037	0.160	0.032	0.771
0.025	0.158	0.075	0.742
0.962	0.012	0.025	0.001
