>GSCTWTAAAAGG	TATA-Box(TBP)/Promoter/Homer	5.682591	-41.697144	0	T:2423.0(7.01%),B:3729.6(5.87%),P:1e-18
0.069	0.304	0.510	0.117
0.138	0.328	0.355	0.178
0.042	0.716	0.200	0.042
0.001	0.285	0.009	0.705
0.476	0.172	0.001	0.351
0.001	0.001	0.034	0.964
0.764	0.001	0.001	0.234
0.701	0.001	0.001	0.297
0.950	0.001	0.048	0.001
0.783	0.001	0.125	0.091
0.140	0.004	0.850	0.006
0.086	0.283	0.606	0.025
