>NVAGATAAGR	1-NVAGATAAGR	6.905539	-1233.824181	0	T:2728.0(9.94%),B:2382.7(3.34%),P:1e-535	Tpos:98.7,Tstd:51.7,Bpos:100.6,Bstd:59.4,StrandBias:0.0,Multiplicity:1.12
0.243	0.240	0.333	0.185
0.197	0.326	0.338	0.139
0.598	0.098	0.001	0.303
0.001	0.001	0.997	0.001
0.997	0.001	0.001	0.001
0.001	0.001	0.001	0.997
0.997	0.001	0.001	0.001
0.997	0.001	0.001	0.001
0.071	0.309	0.619	0.001
0.366	0.211	0.277	0.146
>ATGASTCATC	2-ATGASTCATC	4.500932	-949.904968	0	T:1551.0(5.65%),B:1068.5(1.50%),P:1e-412	Tpos:103.7,Tstd:52.4,Bpos:102.7,Bstd:56.1,StrandBias:-0.0,Multiplicity:1.10
0.604	0.194	0.201	0.001
0.001	0.001	0.001	0.997
0.001	0.001	0.997	0.001
0.997	0.001	0.001	0.001
0.001	0.518	0.480	0.001
0.001	0.001	0.001	0.997
0.001	0.997	0.001	0.001
0.997	0.001	0.001	0.001
0.001	0.205	0.300	0.494
0.145	0.563	0.099	0.193
>GCYCCGCCCM	3-GCYCCGCCCM	6.724677	-643.622787	0	T:6063.0(22.09%),B:10049.7(14.08%),P:1e-279	Tpos:100.2,Tstd:54.6,Bpos:89.2,Bstd:57.9,StrandBias:-0.0,Multiplicity:1.57
0.358	0.059	0.519	0.064
0.134	0.504	0.047	0.315
0.121	0.419	0.042	0.417
0.359	0.543	0.021	0.077
0.073	0.746	0.061	0.120
0.251	0.028	0.630	0.091
0.089	0.843	0.022	0.046
0.053	0.859	0.051	0.037
0.047	0.598	0.038	0.317
0.381	0.373	0.028	0.218
>AYTTCCGSTT	4-AYTTCCGSTT	6.554284	-502.986696	0	T:5610.0(20.44%),B:9649.3(13.52%),P:1e-218	Tpos:99.7,Tstd:54.2,Bpos:96.6,Bstd:60.1,StrandBias:-0.1,Multiplicity:1.19
0.494	0.113	0.241	0.152
0.001	0.466	0.168	0.366
0.041	0.010	0.001	0.948
0.001	0.001	0.001	0.997
0.001	0.997	0.001	0.001
0.001	0.926	0.070	0.003
0.001	0.035	0.749	0.215
0.122	0.348	0.427	0.102
0.157	0.275	0.130	0.439
0.167	0.223	0.230	0.380
>CCACTAGGGG	5-CCACTAGGGG	8.232332	-296.350361	0	T:753.0(2.74%),B:704.0(0.99%),P:1e-128	Tpos:95.7,Tstd:47.3,Bpos:103.6,Bstd:56.1,StrandBias:0.3,Multiplicity:1.01
0.013	0.972	0.001	0.014
0.001	0.997	0.001	0.001
0.953	0.001	0.017	0.029
0.001	0.970	0.026	0.003
0.069	0.121	0.001	0.809
0.976	0.001	0.022	0.001
0.001	0.001	0.997	0.001
0.147	0.010	0.842	0.001
0.011	0.024	0.733	0.232
0.001	0.001	0.997	0.001
>CCCYCTRTTG	6-CCCYCTRTTG	8.864117	-264.867046	0	T:1108.0(4.04%),B:1343.3(1.88%),P:1e-115	Tpos:100.5,Tstd:51.8,Bpos:98.5,Bstd:58.9,StrandBias:0.0,Multiplicity:1.02
0.001	0.997	0.001	0.001
0.001	0.997	0.001	0.001
0.001	0.997	0.001	0.001
0.001	0.411	0.054	0.534
0.098	0.900	0.001	0.001
0.001	0.001	0.154	0.844
0.427	0.001	0.489	0.083
0.001	0.268	0.168	0.563
0.078	0.278	0.001	0.643
0.001	0.001	0.997	0.001
>CAAVATGGCG	7-CAAVATGGCG	6.719061	-154.797440	0	T:880.0(3.21%),B:1205.8(1.69%),P:1e-67	Tpos:97.5,Tstd:55.6,Bpos:103.6,Bstd:58.3,StrandBias:-0.3,Multiplicity:1.02
0.207	0.395	0.170	0.229
0.475	0.027	0.194	0.304
0.686	0.231	0.040	0.043
0.364	0.249	0.359	0.027
0.600	0.035	0.324	0.041
0.245	0.060	0.260	0.435
0.043	0.079	0.811	0.067
0.041	0.049	0.598	0.312
0.035	0.723	0.032	0.210
0.227	0.127	0.588	0.058
>TGATGCAATA	8-TGATGCAATA	6.524612	-150.614170	0	T:369.0(1.34%),B:338.7(0.47%),P:1e-65	Tpos:101.1,Tstd:53.2,Bpos:97.6,Bstd:53.9,StrandBias:0.2,Multiplicity:1.03
0.089	0.239	0.130	0.542
0.117	0.125	0.701	0.057
0.680	0.126	0.063	0.131
0.092	0.221	0.202	0.485
0.102	0.219	0.577	0.102
0.146	0.660	0.035	0.159
0.676	0.044	0.182	0.098
0.666	0.138	0.074	0.122
0.132	0.193	0.105	0.570
0.474	0.240	0.187	0.099
>CTGATTGGTC	9-CTGATTGGTC	6.955455	-121.291894	0	T:1022.0(3.72%),B:1590.5(2.23%),P:1e-52	Tpos:100.4,Tstd:54.8,Bpos:86.8,Bstd:59.8,StrandBias:0.2,Multiplicity:1.08
0.056	0.803	0.081	0.060
0.050	0.133	0.072	0.745
0.077	0.093	0.819	0.011
0.860	0.047	0.038	0.055
0.072	0.035	0.071	0.822
0.078	0.105	0.016	0.801
0.108	0.063	0.808	0.021
0.047	0.044	0.813	0.096
0.152	0.069	0.059	0.720
0.066	0.810	0.057	0.067
>BRCGCAWGCK	10-BRCGCAWGCK	6.263220	-116.412551	0	T:869.0(3.17%),B:1304.4(1.83%),P:1e-50	Tpos:103.1,Tstd:55.1,Bpos:84.9,Bstd:58.9,StrandBias:-0.1,Multiplicity:1.19
0.188	0.204	0.259	0.350
0.296	0.255	0.435	0.015
0.334	0.620	0.020	0.026
0.017	0.018	0.936	0.029
0.271	0.570	0.031	0.128
0.412	0.193	0.190	0.206
0.279	0.117	0.205	0.399
0.288	0.027	0.530	0.155
0.096	0.648	0.025	0.231
0.020	0.204	0.452	0.324
>VVTKACGTCA	11-VVTKACGTCA	5.882405	-102.479019	0	T:771.0(2.81%),B:1160.8(1.63%),P:1e-44	Tpos:102.8,Tstd:56.1,Bpos:86.1,Bstd:60.4,StrandBias:-0.0,Multiplicity:1.09
0.238	0.225	0.361	0.176
0.368	0.236	0.244	0.152
0.077	0.220	0.040	0.663
0.127	0.126	0.448	0.299
0.547	0.158	0.255	0.040
0.029	0.671	0.188	0.112
0.180	0.187	0.554	0.079
0.045	0.281	0.099	0.575
0.234	0.563	0.067	0.136
0.660	0.058	0.127	0.155
>GATAAACCGC	12-GATAAACCGC	6.680808	-97.366477	0	T:1204.0(4.39%),B:2068.0(2.90%),P:1e-42	Tpos:104.5,Tstd:55.0,Bpos:100.5,Bstd:61.6,StrandBias:-0.1,Multiplicity:1.02
0.134	0.052	0.754	0.060
0.684	0.155	0.096	0.065
0.146	0.152	0.073	0.629
0.716	0.088	0.174	0.022
0.878	0.081	0.040	0.001
0.954	0.027	0.017	0.002
0.056	0.817	0.126	0.001
0.171	0.759	0.018	0.052
0.077	0.008	0.870	0.045
0.077	0.776	0.091	0.056
>TCGCGMGATM	13-TCGCGMGATM	7.583715	-97.125897	0	T:413.0(1.50%),B:505.8(0.71%),P:1e-42	Tpos:107.3,Tstd:51.2,Bpos:89.9,Bstd:64.5,StrandBias:0.1,Multiplicity:1.05
0.001	0.060	0.001	0.938
0.287	0.685	0.027	0.001
0.001	0.151	0.599	0.249
0.157	0.705	0.137	0.001
0.043	0.001	0.950	0.006
0.368	0.460	0.126	0.045
0.001	0.015	0.804	0.180
0.765	0.038	0.122	0.075
0.001	0.001	0.140	0.858
0.460	0.427	0.085	0.028
>CGTRTRCCGA	14-CGTRTRCCGA	9.452359	-65.842575	0	T:39.0(0.14%),B:8.9(0.01%),P:1e-28	Tpos:114.8,Tstd:49.6,Bpos:87.9,Bstd:43.8,StrandBias:-0.5,Multiplicity:1.00
0.001	0.997	0.001	0.001
0.001	0.001	0.997	0.001
0.001	0.001	0.001	0.997
0.467	0.001	0.531	0.001
0.001	0.001	0.001	0.997
0.467	0.001	0.531	0.001
0.009	0.946	0.044	0.001
0.001	0.997	0.001	0.001
0.001	0.001	0.997	0.001
0.997	0.001	0.001	0.001
>GCTAATCTCC	15-GCTAATCTCC	7.797735	-65.093881	0	T:287.0(1.05%),B:358.2(0.50%),P:1e-28	Tpos:103.9,Tstd:58.9,Bpos:100.7,Bstd:61.0,StrandBias:-0.0,Multiplicity:1.00
0.337	0.014	0.540	0.109
0.328	0.496	0.010	0.166
0.047	0.038	0.061	0.854
0.794	0.016	0.030	0.160
0.710	0.028	0.206	0.056
0.001	0.113	0.225	0.661
0.072	0.640	0.110	0.178
0.148	0.044	0.001	0.807
0.031	0.727	0.060	0.182
0.107	0.645	0.161	0.087
>AACAACGCAA	16-AACAACGCAA	9.687992	-61.844494	0	T:24.0(0.09%),B:2.6(0.00%),P:1e-26	Tpos:92.0,Tstd:62.6,Bpos:87.4,Bstd:41.6,StrandBias:-0.5,Multiplicity:1.00
0.997	0.001	0.001	0.001
0.875	0.123	0.001	0.001
0.001	0.980	0.001	0.018
0.997	0.001	0.001	0.001
0.997	0.001	0.001	0.001
0.001	0.997	0.001	0.001
0.001	0.001	0.997	0.001
0.001	0.997	0.001	0.001
0.997	0.001	0.001	0.001
0.997	0.001	0.001	0.001
>TAGGATTAAC	17-TAGGATTAAC	13.738424	-57.878280	0	T:19.0(0.07%),B:1.5(0.00%),P:1e-25	Tpos:100.8,Tstd:47.7,Bpos:107.6,Bstd:3.9,StrandBias:0.8,Multiplicity:1.00
0.001	0.001	0.001	0.997
0.997	0.001	0.001	0.001
0.001	0.047	0.951	0.001
0.001	0.001	0.997	0.001
0.997	0.001	0.001	0.001
0.001	0.047	0.001	0.951
0.001	0.001	0.001	0.997
0.997	0.001	0.001	0.001
0.997	0.001	0.001	0.001
0.001	0.997	0.001	0.001
>CGCCAAMATA	18-CGCCAAMATA	10.931539	-56.932352	0	T:30.0(0.11%),B:5.1(0.01%),P:1e-24	Tpos:127.2,Tstd:48.0,Bpos:42.7,Bstd:26.6,StrandBias:-1.1,Multiplicity:1.08
0.001	0.997	0.001	0.001
0.001	0.363	0.635	0.001
0.032	0.966	0.001	0.001
0.068	0.892	0.001	0.039
0.459	0.292	0.013	0.237
0.798	0.133	0.068	0.001
0.388	0.428	0.001	0.182
0.986	0.001	0.012	0.001
0.001	0.001	0.001	0.997
0.997	0.001	0.001	0.001
>ACGCCGTCAG	19-ACGCCGTCAG	12.190837	-51.463896	0	T:28.0(0.10%),B:5.8(0.01%),P:1e-22	Tpos:90.3,Tstd:50.7,Bpos:88.9,Bstd:51.1,StrandBias:2.1,Multiplicity:1.14
0.997	0.001	0.001	0.001
0.001	0.997	0.001	0.001
0.001	0.001	0.997	0.001
0.001	0.805	0.001	0.193
0.001	0.997	0.001	0.001
0.001	0.001	0.997	0.001
0.001	0.001	0.001	0.997
0.001	0.997	0.001	0.001
0.997	0.001	0.001	0.001
0.001	0.001	0.997	0.001
>GTAAAGCCGG	20-GTAAAGCCGG	11.497747	-51.463896	0	T:28.0(0.10%),B:5.5(0.01%),P:1e-22	Tpos:113.1,Tstd:59.8,Bpos:93.7,Bstd:51.4,StrandBias:1.9,Multiplicity:1.00
0.001	0.001	0.997	0.001
0.001	0.001	0.001	0.997
0.997	0.001	0.001	0.001
0.997	0.001	0.001	0.001
0.997	0.001	0.001	0.001
0.001	0.001	0.884	0.114
0.001	0.844	0.001	0.154
0.001	0.997	0.001	0.001
0.001	0.001	0.997	0.001
0.001	0.001	0.997	0.001
>CGTCRTTGTG	21-CGTCRTTGTG	9.925566	-48.258327	0	T:49.0(0.18%),B:22.0(0.03%),P:1e-20	Tpos:90.3,Tstd:59.7,Bpos:89.8,Bstd:61.9,StrandBias:0.7,Multiplicity:1.00
0.001	0.997	0.001	0.001
0.001	0.001	0.997	0.001
0.001	0.001	0.001	0.997
0.001	0.997	0.001	0.001
0.507	0.001	0.491	0.001
0.342	0.001	0.001	0.656
0.078	0.001	0.001	0.920
0.001	0.001	0.997	0.001
0.001	0.001	0.067	0.931
0.001	0.001	0.997	0.001
>AAAAAAAAAM	22-AAAAAAAAAM	8.649949	-44.175879	0	T:409.0(1.49%),B:657.4(0.92%),P:1e-19	Tpos:102.1,Tstd:56.0,Bpos:104.4,Bstd:65.0,StrandBias:-0.1,Multiplicity:1.05
0.439	0.104	0.217	0.240
0.685	0.045	0.226	0.044
0.742	0.231	0.007	0.020
0.661	0.310	0.028	0.001
0.646	0.217	0.136	0.001
0.673	0.269	0.057	0.001
0.957	0.017	0.022	0.004
0.947	0.033	0.012	0.008
0.540	0.277	0.165	0.018
0.301	0.370	0.183	0.146
>AGGTCATGTG	23-AGGTCATGTG	10.296193	-43.526739	0	T:25.0(0.09%),B:5.7(0.01%),P:1e-18	Tpos:87.0,Tstd:42.1,Bpos:82.6,Bstd:52.0,StrandBias:-0.9,Multiplicity:1.00
0.700	0.100	0.100	0.100
0.100	0.100	0.700	0.100
0.100	0.100	0.700	0.100
0.100	0.100	0.100	0.700
0.100	0.700	0.100	0.100
0.700	0.100	0.100	0.100
0.100	0.100	0.100	0.700
0.100	0.100	0.700	0.100
0.100	0.100	0.100	0.700
0.100	0.100	0.700	0.100
>TGAGCGGACT	24-TGAGCGGACT	10.296193	-41.862670	0	T:18.0(0.07%),B:2.9(0.00%),P:1e-18	Tpos:90.9,Tstd:66.5,Bpos:76.5,Bstd:53.4,StrandBias:0.3,Multiplicity:1.00
0.100	0.100	0.100	0.700
0.100	0.100	0.700	0.100
0.700	0.100	0.100	0.100
0.100	0.100	0.700	0.100
0.100	0.700	0.100	0.100
0.100	0.100	0.700	0.100
0.100	0.100	0.700	0.100
0.700	0.100	0.100	0.100
0.100	0.700	0.100	0.100
0.100	0.100	0.100	0.700
>TGTTGTCGCG	25-TGTTGTCGCG	11.723133	-34.601407	0	T:23.0(0.08%),B:6.2(0.01%),P:1e-15	Tpos:93.0,Tstd:45.2,Bpos:66.5,Bstd:88.3,StrandBias:-1.2,Multiplicity:1.00
0.001	0.001	0.001	0.997
0.123	0.001	0.875	0.001
0.001	0.001	0.001	0.997
0.001	0.001	0.001	0.997
0.001	0.001	0.997	0.001
0.001	0.001	0.001	0.997
0.001	0.997	0.001	0.001
0.001	0.001	0.997	0.001
0.001	0.997	0.001	0.001
0.018	0.001	0.980	0.001
>NDGVTGASTCAB	1-NDGVTGASTCAB	6.586385	-943.232365	0	T:1488.0(5.42%),B:995.7(1.39%),P:1e-409	Tpos:103.9,Tstd:51.8,Bpos:103.1,Bstd:55.6,StrandBias:0.0,Multiplicity:1.09
0.288	0.266	0.263	0.183
0.269	0.073	0.376	0.283
0.170	0.193	0.496	0.141
0.395	0.325	0.274	0.006
0.001	0.001	0.001	0.997
0.001	0.001	0.997	0.001
0.997	0.001	0.001	0.001
0.004	0.503	0.492	0.001
0.001	0.001	0.001	0.997
0.001	0.997	0.001	0.001
0.997	0.001	0.001	0.001
0.006	0.292	0.300	0.401
>HARGCCCCGCCC	2-HARGCCCCGCCC	8.916927	-644.411302	0	T:3902.0(14.22%),B:5581.1(7.82%),P:1e-279	Tpos:99.2,Tstd:53.4,Bpos:87.6,Bstd:58.0,StrandBias:-0.0,Multiplicity:1.45
0.260	0.278	0.151	0.311
0.432	0.190	0.140	0.237
0.421	0.035	0.464	0.081
0.082	0.002	0.836	0.080
0.036	0.835	0.045	0.084
0.001	0.864	0.001	0.134
0.239	0.724	0.001	0.036
0.001	0.927	0.028	0.044
0.256	0.001	0.689	0.054
0.001	0.997	0.001	0.001
0.001	0.982	0.001	0.016
0.009	0.842	0.014	0.135
>CCACCAGGGGGC	3-CCACCAGGGGGC	9.958724	-601.903770	0	T:1010.0(3.68%),B:707.3(0.99%),P:1e-261	Tpos:99.6,Tstd:48.6,Bpos:103.0,Bstd:56.4,StrandBias:0.1,Multiplicity:1.02
0.114	0.839	0.046	0.001
0.002	0.996	0.001	0.001
0.866	0.012	0.001	0.121
0.031	0.710	0.258	0.001
0.103	0.611	0.051	0.235
0.799	0.001	0.100	0.100
0.002	0.001	0.996	0.001
0.416	0.001	0.582	0.001
0.033	0.001	0.662	0.304
0.005	0.001	0.993	0.001
0.016	0.001	0.852	0.131
0.105	0.835	0.006	0.054
>ACCACGCCCCYN	4-ACCACGCCCCYN	10.111417	-462.470828	0	T:2419.0(8.81%),B:3242.7(4.54%),P:1e-200	Tpos:101.7,Tstd:54.3,Bpos:90.7,Bstd:56.6,StrandBias:0.3,Multiplicity:1.11
0.578	0.001	0.363	0.058
0.001	0.997	0.001	0.001
0.001	0.997	0.001	0.001
0.641	0.357	0.001	0.001
0.001	0.997	0.001	0.001
0.196	0.001	0.636	0.167
0.001	0.997	0.001	0.001
0.001	0.997	0.001	0.001
0.001	0.896	0.001	0.102
0.148	0.846	0.001	0.005
0.007	0.492	0.001	0.499
0.291	0.291	0.174	0.244
>VCCTCTTATCWS	5-VCCTCTTATCWS	8.017474	-328.085850	0	T:989.0(3.60%),B:1021.1(1.43%),P:1e-142	Tpos:98.6,Tstd:52.7,Bpos:101.9,Bstd:57.9,StrandBias:-0.0,Multiplicity:1.02
0.226	0.334	0.350	0.091
0.189	0.473	0.183	0.156
0.096	0.565	0.085	0.254
0.008	0.008	0.112	0.872
0.010	0.830	0.097	0.063
0.012	0.207	0.001	0.780
0.001	0.001	0.001	0.997
0.968	0.030	0.001	0.001
0.001	0.001	0.259	0.739
0.001	0.997	0.001	0.001
0.317	0.106	0.125	0.453
0.029	0.362	0.440	0.169
>GGGGCGGTACTT	6-GGGGCGGTACTT	8.460259	-323.451094	0	T:1805.0(6.58%),B:2466.7(3.45%),P:1e-140	Tpos:105.3,Tstd:54.3,Bpos:92.4,Bstd:59.2,StrandBias:-0.1,Multiplicity:1.02
0.016	0.031	0.939	0.014
0.177	0.014	0.801	0.008
0.033	0.047	0.907	0.013
0.031	0.054	0.907	0.008
0.035	0.922	0.011	0.032
0.052	0.039	0.825	0.084
0.018	0.064	0.900	0.018
0.075	0.112	0.235	0.578
0.635	0.102	0.224	0.039
0.030	0.857	0.083	0.030
0.028	0.063	0.038	0.871
0.054	0.032	0.053	0.861
>CACTTCCKSTTT	7-CACTTCCKSTTT	8.608515	-278.854180	0	T:1666.0(6.07%),B:2330.7(3.26%),P:1e-121	Tpos:99.8,Tstd:52.3,Bpos:95.2,Bstd:56.5,StrandBias:-0.0,Multiplicity:1.06
0.136	0.500	0.179	0.185
0.669	0.118	0.181	0.032
0.001	0.951	0.031	0.017
0.002	0.001	0.020	0.977
0.001	0.025	0.014	0.960
0.001	0.981	0.002	0.016
0.001	0.938	0.005	0.056
0.046	0.110	0.453	0.392
0.045	0.367	0.515	0.073
0.050	0.269	0.178	0.503
0.064	0.320	0.073	0.543
0.065	0.286	0.089	0.560
>CCTTATCTVATC	8-CCTTATCTVATC	8.191067	-153.262600	0	T:638.0(2.32%),B:771.2(1.08%),P:1e-66	Tpos:99.4,Tstd:53.0,Bpos:95.9,Bstd:54.8,StrandBias:-0.1,Multiplicity:1.04
0.033	0.843	0.070	0.054
0.028	0.906	0.022	0.044
0.041	0.053	0.015	0.891
0.054	0.052	0.041	0.853
0.825	0.099	0.032	0.044
0.025	0.073	0.028	0.874
0.014	0.913	0.019	0.054
0.086	0.141	0.019	0.754
0.335	0.355	0.309	0.001
0.623	0.157	0.066	0.154
0.087	0.082	0.106	0.725
0.045	0.795	0.102	0.058
>GCGCATGCGCAT	9-GCGCATGCGCAT	9.020628	-119.903405	0	T:832.0(3.03%),B:1220.1(1.71%),P:1e-52	Tpos:102.7,Tstd:52.7,Bpos:85.8,Bstd:58.8,StrandBias:-0.0,Multiplicity:1.13
0.049	0.072	0.848	0.031
0.093	0.753	0.118	0.036
0.056	0.078	0.772	0.094
0.057	0.833	0.069	0.041
0.645	0.173	0.089	0.093
0.080	0.082	0.145	0.693
0.026	0.068	0.853	0.053
0.047	0.828	0.074	0.051
0.064	0.089	0.750	0.097
0.030	0.813	0.090	0.067
0.641	0.137	0.125	0.097
0.089	0.124	0.216	0.571
>GMGTCCAGGTTG	10-GMGTCCAGGTTG	13.507975	-114.706822	0	T:46.0(0.17%),B:4.5(0.01%),P:1e-49	Tpos:74.0,Tstd:45.4,Bpos:137.9,Bstd:24.5,StrandBias:0.8,Multiplicity:1.13
0.001	0.001	0.997	0.001
0.367	0.436	0.196	0.001
0.001	0.001	0.997	0.001
0.196	0.001	0.001	0.802
0.001	0.997	0.001	0.001
0.001	0.997	0.001	0.001
0.655	0.001	0.343	0.001
0.001	0.001	0.802	0.196
0.001	0.001	0.997	0.001
0.001	0.001	0.001	0.997
0.001	0.001	0.001	0.997
0.001	0.001	0.997	0.001
>TAAGCGTCGTTG	11-TAAGCGTCGTTG	10.862580	-94.498812	0	T:33.0(0.12%),B:2.5(0.00%),P:1e-41	Tpos:92.8,Tstd:50.8,Bpos:60.8,Bstd:52.0,StrandBias:0.6,Multiplicity:1.00
0.130	0.072	0.030	0.768
0.826	0.116	0.029	0.029
0.769	0.029	0.101	0.101
0.028	0.001	0.970	0.001
0.058	0.911	0.029	0.002
0.058	0.086	0.798	0.058
0.029	0.058	0.029	0.884
0.086	0.856	0.029	0.029
0.125	0.086	0.760	0.029
0.001	0.129	0.125	0.745
0.101	0.029	0.059	0.811
0.001	0.028	0.943	0.028
>GACCTCCGGGGC	12-GACCTCCGGGGC	13.438539	-93.976597	0	T:62.0(0.23%),B:15.4(0.02%),P:1e-40	Tpos:109.0,Tstd:56.6,Bpos:99.3,Bstd:37.7,StrandBias:0.4,Multiplicity:1.00
0.001	0.001	0.997	0.001
0.997	0.001	0.001	0.001
0.001	0.932	0.001	0.066
0.009	0.989	0.001	0.001
0.001	0.001	0.001	0.997
0.001	0.997	0.001	0.001
0.001	0.997	0.001	0.001
0.195	0.001	0.803	0.001
0.001	0.001	0.799	0.199
0.001	0.001	0.997	0.001
0.001	0.001	0.997	0.001
0.001	0.997	0.001	0.001
>TGACCAATCAGA	13-TGACCAATCAGA	8.816207	-91.037696	0	T:345.0(1.26%),B:401.6(0.56%),P:1e-39	Tpos:96.9,Tstd:54.6,Bpos:86.0,Bstd:58.7,StrandBias:-0.0,Multiplicity:1.08
0.041	0.032	0.087	0.840
0.028	0.057	0.864	0.051
0.674	0.067	0.131	0.128
0.024	0.869	0.092	0.015
0.029	0.904	0.022	0.045
0.908	0.034	0.012	0.046
0.882	0.032	0.071	0.015
0.019	0.036	0.125	0.820
0.047	0.885	0.053	0.015
0.874	0.031	0.068	0.027
0.015	0.150	0.785	0.050
0.698	0.104	0.126	0.072
>GACCGCTCAGCT	14-GACCGCTCAGCT	10.415517	-85.396260	0	T:156.0(0.57%),B:118.5(0.17%),P:1e-37	Tpos:103.2,Tstd:55.8,Bpos:102.5,Bstd:61.0,StrandBias:-0.2,Multiplicity:1.00
0.068	0.046	0.756	0.130
0.834	0.029	0.084	0.053
0.001	0.743	0.131	0.125
0.066	0.740	0.071	0.123
0.087	0.066	0.721	0.126
0.001	0.952	0.046	0.001
0.063	0.039	0.009	0.889
0.001	0.873	0.122	0.004
0.817	0.021	0.090	0.072
0.001	0.114	0.884	0.001
0.001	0.997	0.001	0.001
0.039	0.124	0.020	0.817
>CGCCGCCATTTT	15-CGCCGCCATTTT	9.487197	-81.299101	0	T:496.0(1.81%),B:699.0(0.98%),P:1e-35	Tpos:98.5,Tstd:55.2,Bpos:110.2,Bstd:54.5,StrandBias:0.4,Multiplicity:1.02
0.035	0.819	0.122	0.024
0.110	0.123	0.641	0.126
0.001	0.837	0.053	0.109
0.089	0.826	0.011	0.074
0.001	0.022	0.938	0.039
0.001	0.988	0.001	0.010
0.001	0.997	0.001	0.001
0.894	0.034	0.025	0.047
0.001	0.061	0.096	0.842
0.001	0.132	0.225	0.642
0.059	0.073	0.030	0.838
0.099	0.122	0.042	0.737
>GGTCGTGACGTA	16-GGTCGTGACGTA	11.312300	-78.111691	0	T:24.0(0.09%),B:1.6(0.00%),P:1e-33	Tpos:126.7,Tstd:52.0,Bpos:155.0,Bstd:3.1,StrandBias:1.7,Multiplicity:1.09
0.001	0.011	0.947	0.041
0.193	0.035	0.719	0.053
0.067	0.036	0.130	0.767
0.012	0.950	0.024	0.014
0.001	0.059	0.917	0.023
0.076	0.053	0.041	0.830
0.035	0.012	0.941	0.012
0.818	0.099	0.042	0.041
0.001	0.798	0.114	0.087
0.012	0.024	0.952	0.012
0.035	0.129	0.144	0.692
0.680	0.033	0.059	0.228
>TCTCGCGAGATT	17-TCTCGCGAGATT	9.514815	-76.600415	0	T:200.0(0.73%),B:192.9(0.27%),P:1e-33	Tpos:111.3,Tstd:51.3,Bpos:86.5,Bstd:60.4,StrandBias:-0.2,Multiplicity:1.04
0.015	0.148	0.021	0.816
0.091	0.894	0.001	0.014
0.013	0.022	0.104	0.861
0.019	0.956	0.017	0.008
0.031	0.025	0.925	0.019
0.004	0.937	0.038	0.021
0.001	0.030	0.950	0.019
0.937	0.019	0.036	0.008
0.001	0.008	0.852	0.139
0.872	0.058	0.051	0.019
0.059	0.210	0.252	0.480
0.071	0.306	0.099	0.524
>CGAGGACTTCCG	18-CGAGGACTTCCG	12.240911	-63.255764	0	T:30.0(0.11%),B:4.2(0.01%),P:1e-27	Tpos:108.0,Tstd:49.7,Bpos:142.2,Bstd:23.5,StrandBias:-1.7,Multiplicity:1.00
0.001	0.997	0.001	0.001
0.001	0.001	0.997	0.001
0.997	0.001	0.001	0.001
0.001	0.030	0.968	0.001
0.001	0.001	0.997	0.001
0.693	0.001	0.305	0.001
0.001	0.997	0.001	0.001
0.001	0.001	0.001	0.997
0.388	0.001	0.001	0.610
0.001	0.997	0.001	0.001
0.001	0.997	0.001	0.001
0.001	0.001	0.997	0.001
>AACGATCAGCCA	19-AACGATCAGCCA	10.790200	-55.017925	0	T:33.0(0.12%),B:7.7(0.01%),P:1e-23	Tpos:118.7,Tstd:46.3,Bpos:53.2,Bstd:22.3,StrandBias:-1.0,Multiplicity:1.00
0.870	0.016	0.065	0.049
0.824	0.001	0.048	0.127
0.016	0.814	0.089	0.081
0.121	0.032	0.798	0.049
0.816	0.103	0.049	0.032
0.049	0.017	0.097	0.837
0.049	0.870	0.065	0.016
0.831	0.032	0.136	0.001
0.016	0.018	0.950	0.016
0.049	0.771	0.123	0.057
0.048	0.919	0.001	0.032
0.716	0.073	0.001	0.210
>TTTTTTTTTTTT	20-TTTTTTTTTTTT	2.885990	-47.177349	0	T:13890.0(50.62%),B:34116.1(47.78%),P:1e-20	Tpos:99.9,Tstd:54.9,Bpos:100.5,Bstd:60.3,StrandBias:-0.0,Multiplicity:1.90
0.073	0.132	0.217	0.578
0.121	0.149	0.213	0.517
0.014	0.037	0.252	0.697
0.133	0.020	0.185	0.662
0.106	0.018	0.180	0.696
0.029	0.018	0.165	0.788
0.012	0.187	0.091	0.710
0.058	0.185	0.101	0.656
0.106	0.145	0.146	0.603
0.157	0.156	0.155	0.532
0.189	0.064	0.205	0.542
0.164	0.179	0.205	0.451
>AATTCTGGGAAG	21-AATTCTGGGAAG	12.261491	-42.782074	0	T:28.0(0.10%),B:7.1(0.01%),P:1e-18	Tpos:103.5,Tstd:50.0,Bpos:81.8,Bstd:13.0,StrandBias:3.8,Multiplicity:1.07
0.997	0.001	0.001	0.001
0.997	0.001	0.001	0.001
0.001	0.001	0.001	0.997
0.001	0.001	0.001	0.997
0.001	0.899	0.099	0.001
0.001	0.001	0.001	0.997
0.001	0.001	0.997	0.001
0.001	0.001	0.997	0.001
0.001	0.015	0.983	0.001
0.960	0.001	0.001	0.038
0.997	0.001	0.001	0.001
0.001	0.001	0.997	0.001
>ATACTTAGGGAA	22-ATACTTAGGGAA	12.199741	-33.498838	0	T:21.0(0.08%),B:5.7(0.01%),P:1e-14	Tpos:117.2,Tstd:57.3,Bpos:84.5,Bstd:33.3,StrandBias:-1.0,Multiplicity:1.43
0.883	0.037	0.025	0.055
0.001	0.012	0.197	0.790
0.646	0.043	0.152	0.159
0.037	0.778	0.067	0.118
0.055	0.296	0.001	0.648
0.025	0.049	0.012	0.914
0.952	0.012	0.024	0.012
0.055	0.043	0.865	0.037
0.012	0.024	0.940	0.024
0.055	0.055	0.853	0.037
0.859	0.037	0.037	0.067
0.883	0.049	0.025	0.043
>AGTCACGTGGGT	23-AGTCACGTGGGT	12.153165	-29.954781	0	T:26.0(0.09%),B:10.1(0.01%),P:1e-13	Tpos:108.6,Tstd:55.0,Bpos:85.5,Bstd:38.5,StrandBias:1.0,Multiplicity:1.62
0.983	0.001	0.001	0.015
0.001	0.015	0.983	0.001
0.001	0.001	0.001	0.997
0.001	0.997	0.001	0.001
0.997	0.001	0.001	0.001
0.016	0.952	0.016	0.016
0.001	0.015	0.969	0.015
0.001	0.001	0.001	0.997
0.001	0.001	0.997	0.001
0.015	0.001	0.983	0.001
0.039	0.099	0.861	0.001
0.001	0.001	0.001	0.997
>CCCTGCAGACGT	24-CCCTGCAGACGT	11.891951	-28.374054	0	T:11.0(0.04%),B:1.8(0.00%),P:1e-12	Tpos:75.9,Tstd:44.1,Bpos:155.8,Bstd:14.7,StrandBias:-3.4,Multiplicity:3.18
0.001	0.997	0.001	0.001
0.001	0.997	0.001	0.001
0.001	0.997	0.001	0.001
0.001	0.001	0.001	0.997
0.001	0.001	0.997	0.001
0.001	0.997	0.001	0.001
0.989	0.001	0.009	0.001
0.001	0.001	0.997	0.001
0.997	0.001	0.001	0.001
0.001	0.997	0.001	0.001
0.001	0.001	0.997	0.001
0.001	0.001	0.001	0.997
>ATTTTTTTTTTN	25-ATTTTTTTTTTN	8.147344	-8.244524	0	T:390.0(1.42%),B:847.3(1.19%),P:1e-3	Tpos:69.2,Tstd:40.1,Bpos:122.3,Bstd:61.8,StrandBias:10.0,Multiplicity:1.00
0.576	0.237	0.112	0.075
0.100	0.135	0.073	0.692
0.079	0.163	0.066	0.692
0.114	0.211	0.065	0.610
0.107	0.294	0.078	0.521
0.142	0.257	0.073	0.528
0.152	0.197	0.099	0.552
0.143	0.190	0.098	0.569
0.120	0.155	0.086	0.639
0.091	0.159	0.088	0.662
0.091	0.150	0.075	0.684
0.200	0.315	0.208	0.277
>TTATCTSB	1-TTATCTSB	5.281071	-1055.762452	0	T:4227.0(15.40%),B:5172.5(7.24%),P:1e-458	Tpos:99.6,Tstd:53.3,Bpos:99.1,Bstd:60.8,StrandBias:-0.0,Multiplicity:1.21
0.048	0.050	0.013	0.889
0.035	0.021	0.006	0.938
0.947	0.007	0.021	0.025
0.015	0.021	0.016	0.948
0.031	0.902	0.048	0.019
0.217	0.029	0.096	0.658
0.069	0.378	0.352	0.200
0.182	0.210	0.341	0.267
>ATGAGTCA	2-ATGAGTCA	8.893790	-871.140404	0	T:1608.0(5.86%),B:1220.8(1.71%),P:1e-378	Tpos:102.7,Tstd:53.3,Bpos:104.0,Bstd:57.3,StrandBias:0.0,Multiplicity:1.10
0.628	0.187	0.176	0.009
0.001	0.001	0.001	0.997
0.001	0.001	0.991	0.007
0.997	0.001	0.001	0.001
0.006	0.329	0.655	0.010
0.001	0.001	0.001	0.997
0.013	0.985	0.001	0.001
0.997	0.001	0.001	0.001
>GATARSDM	3-GATARSDM	5.556716	-665.350543	0	T:5784.0(21.08%),B:9369.3(13.12%),P:1e-288	Tpos:101.9,Tstd:56.1,Bpos:99.2,Bstd:59.3,StrandBias:0.3,Multiplicity:1.07
0.001	0.001	0.997	0.001
0.997	0.001	0.001	0.001
0.001	0.001	0.001	0.997
0.622	0.001	0.001	0.376
0.483	0.069	0.447	0.001
0.001	0.483	0.344	0.172
0.354	0.172	0.253	0.222
0.305	0.417	0.112	0.165
>AYTTCCGG	4-AYTTCCGG	5.454666	-405.410937	0	T:5503.0(20.05%),B:9868.5(13.82%),P:1e-176	Tpos:100.0,Tstd:55.3,Bpos:95.9,Bstd:61.8,StrandBias:-0.0,Multiplicity:1.21
0.479	0.189	0.178	0.154
0.165	0.356	0.070	0.409
0.135	0.089	0.009	0.767
0.211	0.083	0.040	0.666
0.191	0.640	0.116	0.053
0.001	0.925	0.063	0.011
0.001	0.022	0.965	0.012
0.165	0.197	0.566	0.072
>GCCACGCC	5-GCCACGCC	7.024267	-342.861549	0	T:7396.0(26.95%),B:14560.9(20.39%),P:1e-148	Tpos:100.4,Tstd:55.0,Bpos:93.3,Bstd:61.4,StrandBias:-0.0,Multiplicity:1.50
0.323	0.001	0.573	0.103
0.110	0.731	0.050	0.109
0.103	0.711	0.001	0.185
0.605	0.393	0.001	0.001
0.001	0.997	0.001	0.001
0.231	0.001	0.767	0.001
0.060	0.884	0.001	0.055
0.054	0.944	0.001	0.001
>RYGACTAA	6-RYGACTAA	6.333835	-338.303871	0	T:2947.0(10.74%),B:4674.8(6.55%),P:1e-146	Tpos:100.4,Tstd:56.5,Bpos:99.3,Bstd:60.6,StrandBias:0.2,Multiplicity:1.03
0.434	0.085	0.480	0.001
0.157	0.356	0.001	0.486
0.001	0.001	0.997	0.001
0.997	0.001	0.001	0.001
0.001	0.782	0.216	0.001
0.289	0.030	0.001	0.680
0.643	0.229	0.001	0.127
0.850	0.001	0.148	0.001
>CCCGCCCA	7-CCCGCCCA	7.748580	-276.788773	0	T:5531.0(20.16%),B:10647.8(14.91%),P:1e-120	Tpos:98.5,Tstd:56.5,Bpos:93.3,Bstd:61.8,StrandBias:0.0,Multiplicity:1.12
0.072	0.868	0.001	0.059
0.001	0.997	0.001	0.001
0.001	0.997	0.001	0.001
0.001	0.001	0.997	0.001
0.001	0.997	0.001	0.001
0.163	0.835	0.001	0.001
0.001	0.960	0.001	0.038
0.757	0.241	0.001	0.001
>CGCCMTAT	8-CGCCMTAT	3.374913	-239.773544	0	T:4045.0(14.74%),B:7500.6(10.51%),P:1e-104	Tpos:100.6,Tstd:55.3,Bpos:100.2,Bstd:60.0,StrandBias:0.1,Multiplicity:1.08
0.001	0.997	0.001	0.001
0.001	0.001	0.997	0.001
0.001	0.997	0.001	0.001
0.001	0.997	0.001	0.001
0.544	0.454	0.001	0.001
0.001	0.001	0.001	0.997
0.997	0.001	0.001	0.001
0.001	0.001	0.001	0.997
>GCGGTATT	9-GCGGTATT	3.475600	-201.526240	0	T:14477.0(52.75%),B:33383.5(46.76%),P:1e-87	Tpos:100.6,Tstd:55.6,Bpos:100.3,Bstd:63.7,StrandBias:-0.0,Multiplicity:1.44
0.220	0.119	0.531	0.130
0.076	0.791	0.001	0.132
0.005	0.148	0.782	0.065
0.206	0.193	0.394	0.207
0.001	0.263	0.191	0.545
0.547	0.069	0.129	0.255
0.197	0.186	0.144	0.472
0.230	0.158	0.133	0.479
>GAGTCATT	10-GAGTCATT	7.113781	-184.440861	0	T:1483.0(5.40%),B:2279.7(3.19%),P:1e-80	Tpos:103.3,Tstd:56.7,Bpos:99.1,Bstd:56.1,StrandBias:-0.0,Multiplicity:1.03
0.046	0.001	0.859	0.094
0.890	0.001	0.058	0.051
0.016	0.030	0.953	0.001
0.001	0.065	0.001	0.933
0.020	0.917	0.062	0.001
0.922	0.032	0.001	0.045
0.001	0.241	0.001	0.757
0.001	0.085	0.031	0.883
>AGGCCGTA	11-AGGCCGTA	4.666098	-175.452512	0	T:9557.0(34.83%),B:21161.2(29.64%),P:1e-76	Tpos:99.4,Tstd:55.6,Bpos:100.1,Bstd:62.4,StrandBias:-0.0,Multiplicity:1.19
0.788	0.105	0.040	0.067
0.061	0.122	0.718	0.099
0.105	0.073	0.697	0.125
0.044	0.845	0.055	0.056
0.064	0.841	0.070	0.025
0.047	0.029	0.714	0.210
0.073	0.123	0.138	0.666
0.737	0.082	0.049	0.132
>GACGTAAT	12-GACGTAAT	4.597149	-128.664589	0	T:4199.0(15.30%),B:8624.4(12.08%),P:1e-55	Tpos:97.7,Tstd:55.0,Bpos:97.1,Bstd:63.2,StrandBias:-0.0,Multiplicity:1.09
0.051	0.076	0.818	0.055
0.758	0.045	0.078	0.119
0.041	0.830	0.065	0.064
0.053	0.094	0.805	0.048
0.059	0.135	0.114	0.692
0.732	0.115	0.051	0.102
0.714	0.110	0.086	0.090
0.112	0.129	0.106	0.653
>TGACGTAA	13-TGACGTAA	5.987443	-121.682186	0	T:483.0(1.76%),B:572.5(0.80%),P:1e-52	Tpos:97.0,Tstd:52.7,Bpos:92.6,Bstd:59.2,StrandBias:0.0,Multiplicity:1.05
0.001	0.001	0.001	0.997
0.001	0.001	0.721	0.277
0.997	0.001	0.001	0.001
0.001	0.971	0.001	0.027
0.001	0.001	0.997	0.001
0.001	0.317	0.001	0.681
0.997	0.001	0.001	0.001
0.997	0.001	0.001	0.001
>CCRYTAGA	14-CCRYTAGA	4.810792	-113.634877	0	T:2154.0(7.85%),B:4044.0(5.66%),P:1e-49	Tpos:100.2,Tstd:55.1,Bpos:99.3,Bstd:61.4,StrandBias:0.1,Multiplicity:1.03
0.001	0.997	0.001	0.001
0.001	0.992	0.006	0.001
0.473	0.001	0.525	0.001
0.070	0.533	0.001	0.396
0.070	0.001	0.001	0.928
0.997	0.001	0.001	0.001
0.001	0.001	0.997	0.001
0.867	0.001	0.131	0.001
>CGATTGGM	15-CGATTGGM	5.958744	-105.270256	0	T:2696.0(9.82%),B:5326.2(7.46%),P:1e-45	Tpos:100.5,Tstd:56.2,Bpos:89.7,Bstd:61.8,StrandBias:0.0,Multiplicity:1.17
0.001	0.641	0.053	0.305
0.018	0.144	0.729	0.109
0.977	0.001	0.001	0.021
0.075	0.001	0.001	0.923
0.118	0.027	0.001	0.854
0.001	0.001	0.997	0.001
0.012	0.098	0.874	0.016
0.425	0.353	0.055	0.168
>TACCGCAG	16-TACCGCAG	5.144651	-84.874579	0	T:4275.0(15.58%),B:9226.3(12.92%),P:1e-36	Tpos:98.0,Tstd:57.1,Bpos:100.5,Bstd:61.9,StrandBias:-0.1,Multiplicity:1.06
0.134	0.020	0.103	0.743
0.738	0.078	0.069	0.115
0.155	0.666	0.115	0.064
0.076	0.819	0.066	0.039
0.084	0.050	0.832	0.034
0.064	0.775	0.057	0.104
0.751	0.072	0.086	0.091
0.100	0.064	0.678	0.158
>YGTAGTTH	17-YGTAGTTH	6.212662	-70.416240	0	T:1361.0(4.96%),B:2560.2(3.59%),P:1e-30	Tpos:98.9,Tstd:56.0,Bpos:95.7,Bstd:60.7,StrandBias:0.1,Multiplicity:1.06
0.001	0.450	0.001	0.548
0.122	0.001	0.858	0.019
0.001	0.001	0.210	0.788
0.630	0.127	0.242	0.001
0.221	0.047	0.640	0.092
0.001	0.283	0.001	0.715
0.192	0.248	0.001	0.559
0.339	0.328	0.001	0.332
>GCTGATTA	18-GCTGATTA	7.331697	-68.327864	0	T:834.0(3.04%),B:1429.2(2.00%),P:1e-29	Tpos:100.1,Tstd:56.8,Bpos:95.8,Bstd:58.4,StrandBias:0.0,Multiplicity:1.02
0.084	0.054	0.812	0.050
0.015	0.983	0.001	0.001
0.121	0.020	0.001	0.858
0.036	0.100	0.863	0.001
0.880	0.118	0.001	0.001
0.001	0.088	0.148	0.763
0.001	0.001	0.041	0.957
0.997	0.001	0.001	0.001
>GCTTMCTC	19-GCTTMCTC	8.396098	-60.373808	0	T:1536.0(5.60%),B:3025.0(4.24%),P:1e-26	Tpos:97.0,Tstd:53.0,Bpos:99.0,Bstd:59.7,StrandBias:-0.1,Multiplicity:1.03
0.263	0.001	0.735	0.001
0.007	0.780	0.001	0.212
0.001	0.001	0.001	0.997
0.001	0.001	0.044	0.954
0.488	0.510	0.001	0.001
0.001	0.991	0.007	0.001
0.001	0.001	0.001	0.997
0.001	0.702	0.051	0.246
>CTCCTCCC	20-CTCCTCCC	10.112210	-45.789795	0	T:2630.0(9.58%),B:5730.5(8.03%),P:1e-19	Tpos:100.0,Tstd:56.7,Bpos:96.7,Bstd:57.4,StrandBias:-0.1,Multiplicity:1.11
0.001	0.997	0.001	0.001
0.001	0.001	0.001	0.997
0.001	0.997	0.001	0.001
0.001	0.997	0.001	0.001
0.384	0.001	0.001	0.614
0.001	0.997	0.001	0.001
0.001	0.997	0.001	0.001
0.001	0.997	0.001	0.001
>TTTTTTTT	21-TTTTTTTT	-9.647934	-45.554883	0	T:16935.0(61.71%),B:42114.5(58.99%),P:1e-19	Tpos:99.9,Tstd:56.3,Bpos:100.1,Bstd:61.5,StrandBias:0.0,Multiplicity:2.39
0.001	0.001	0.102	0.896
0.001	0.001	0.001	0.997
0.001	0.001	0.001	0.997
0.001	0.001	0.001	0.997
0.001	0.001	0.001	0.997
0.001	0.001	0.001	0.997
0.001	0.001	0.001	0.997
0.001	0.001	0.001	0.997
>TCTCGCGA	22-TCTCGCGA	9.718395	-45.430226	0	T:224.0(0.82%),B:294.3(0.41%),P:1e-19	Tpos:114.5,Tstd:47.0,Bpos:92.6,Bstd:65.5,StrandBias:-0.1,Multiplicity:1.02
0.001	0.001	0.001	0.997
0.001	0.997	0.001	0.001
0.001	0.001	0.001	0.997
0.259	0.739	0.001	0.001
0.001	0.001	0.997	0.001
0.001	0.997	0.001	0.001
0.001	0.001	0.997	0.001
0.997	0.001	0.001	0.001
>GCGCATGC	23-GCGCATGC	10.874543	-43.753650	0	T:360.0(1.31%),B:560.2(0.78%),P:1e-19	Tpos:105.4,Tstd:52.7,Bpos:84.8,Bstd:56.3,StrandBias:0.1,Multiplicity:1.10
0.109	0.001	0.889	0.001
0.001	0.997	0.001	0.001
0.001	0.001	0.997	0.001
0.001	0.997	0.001	0.001
0.997	0.001	0.001	0.001
0.001	0.001	0.001	0.997
0.075	0.001	0.923	0.001
0.001	0.997	0.001	0.001
>CACGTGAC	24-CACGTGAC	10.916171	-33.070041	0	T:335.0(1.22%),B:553.7(0.78%),P:1e-14	Tpos:103.2,Tstd:50.7,Bpos:82.9,Bstd:57.6,StrandBias:-0.2,Multiplicity:1.14
0.001	0.997	0.001	0.001
0.997	0.001	0.001	0.001
0.001	0.997	0.001	0.001
0.001	0.001	0.997	0.001
0.001	0.001	0.001	0.997
0.001	0.001	0.997	0.001
0.997	0.001	0.001	0.001
0.001	0.858	0.001	0.140
>ATAGCGAG	25-ATAGCGAG	8.236954	-25.286396	0	T:63.0(0.23%),B:61.2(0.09%),P:1e-10	Tpos:123.1,Tstd:44.3,Bpos:98.7,Bstd:50.5,StrandBias:-0.3,Multiplicity:1.00
0.700	0.100	0.100	0.100
0.100	0.100	0.100	0.700
0.700	0.100	0.100	0.100
0.100	0.100	0.700	0.100
0.100	0.700	0.100	0.100
0.100	0.100	0.700	0.100
0.700	0.100	0.100	0.100
0.100	0.100	0.700	0.100
