>NDGVTGASTCAB	1-NDGVTGASTCAB	6.586385	-943.232365	0	T:1488.0(5.42%),B:995.7(1.39%),P:1e-409	Tpos:103.9,Tstd:51.8,Bpos:103.1,Bstd:55.6,StrandBias:0.0,Multiplicity:1.09
0.288	0.266	0.263	0.183
0.269	0.073	0.376	0.283
0.170	0.193	0.496	0.141
0.395	0.325	0.274	0.006
0.001	0.001	0.001	0.997
0.001	0.001	0.997	0.001
0.997	0.001	0.001	0.001
0.004	0.503	0.492	0.001
0.001	0.001	0.001	0.997
0.001	0.997	0.001	0.001
0.997	0.001	0.001	0.001
0.006	0.292	0.300	0.401
>HARGCCCCGCCC	2-HARGCCCCGCCC	8.916927	-644.411302	0	T:3902.0(14.22%),B:5581.1(7.82%),P:1e-279	Tpos:99.2,Tstd:53.4,Bpos:87.6,Bstd:58.0,StrandBias:-0.0,Multiplicity:1.45
0.260	0.278	0.151	0.311
0.432	0.190	0.140	0.237
0.421	0.035	0.464	0.081
0.082	0.002	0.836	0.080
0.036	0.835	0.045	0.084
0.001	0.864	0.001	0.134
0.239	0.724	0.001	0.036
0.001	0.927	0.028	0.044
0.256	0.001	0.689	0.054
0.001	0.997	0.001	0.001
0.001	0.982	0.001	0.016
0.009	0.842	0.014	0.135
>CCACCAGGGGGC	3-CCACCAGGGGGC	9.958724	-601.903770	0	T:1010.0(3.68%),B:707.3(0.99%),P:1e-261	Tpos:99.6,Tstd:48.6,Bpos:103.0,Bstd:56.4,StrandBias:0.1,Multiplicity:1.02
0.114	0.839	0.046	0.001
0.002	0.996	0.001	0.001
0.866	0.012	0.001	0.121
0.031	0.710	0.258	0.001
0.103	0.611	0.051	0.235
0.799	0.001	0.100	0.100
0.002	0.001	0.996	0.001
0.416	0.001	0.582	0.001
0.033	0.001	0.662	0.304
0.005	0.001	0.993	0.001
0.016	0.001	0.852	0.131
0.105	0.835	0.006	0.054
>ACCACGCCCCYN	4-ACCACGCCCCYN	10.111417	-462.470828	0	T:2419.0(8.81%),B:3242.7(4.54%),P:1e-200	Tpos:101.7,Tstd:54.3,Bpos:90.7,Bstd:56.6,StrandBias:0.3,Multiplicity:1.11
0.578	0.001	0.363	0.058
0.001	0.997	0.001	0.001
0.001	0.997	0.001	0.001
0.641	0.357	0.001	0.001
0.001	0.997	0.001	0.001
0.196	0.001	0.636	0.167
0.001	0.997	0.001	0.001
0.001	0.997	0.001	0.001
0.001	0.896	0.001	0.102
0.148	0.846	0.001	0.005
0.007	0.492	0.001	0.499
0.291	0.291	0.174	0.244
>VCCTCTTATCWS	5-VCCTCTTATCWS	8.017474	-328.085850	0	T:989.0(3.60%),B:1021.1(1.43%),P:1e-142	Tpos:98.6,Tstd:52.7,Bpos:101.9,Bstd:57.9,StrandBias:-0.0,Multiplicity:1.02
0.226	0.334	0.350	0.091
0.189	0.473	0.183	0.156
0.096	0.565	0.085	0.254
0.008	0.008	0.112	0.872
0.010	0.830	0.097	0.063
0.012	0.207	0.001	0.780
0.001	0.001	0.001	0.997
0.968	0.030	0.001	0.001
0.001	0.001	0.259	0.739
0.001	0.997	0.001	0.001
0.317	0.106	0.125	0.453
0.029	0.362	0.440	0.169
>GGGGCGGTACTT	6-GGGGCGGTACTT	8.460259	-323.451094	0	T:1805.0(6.58%),B:2466.7(3.45%),P:1e-140	Tpos:105.3,Tstd:54.3,Bpos:92.4,Bstd:59.2,StrandBias:-0.1,Multiplicity:1.02
0.016	0.031	0.939	0.014
0.177	0.014	0.801	0.008
0.033	0.047	0.907	0.013
0.031	0.054	0.907	0.008
0.035	0.922	0.011	0.032
0.052	0.039	0.825	0.084
0.018	0.064	0.900	0.018
0.075	0.112	0.235	0.578
0.635	0.102	0.224	0.039
0.030	0.857	0.083	0.030
0.028	0.063	0.038	0.871
0.054	0.032	0.053	0.861
>CACTTCCKSTTT	7-CACTTCCKSTTT	8.608515	-278.854180	0	T:1666.0(6.07%),B:2330.7(3.26%),P:1e-121	Tpos:99.8,Tstd:52.3,Bpos:95.2,Bstd:56.5,StrandBias:-0.0,Multiplicity:1.06
0.136	0.500	0.179	0.185
0.669	0.118	0.181	0.032
0.001	0.951	0.031	0.017
0.002	0.001	0.020	0.977
0.001	0.025	0.014	0.960
0.001	0.981	0.002	0.016
0.001	0.938	0.005	0.056
0.046	0.110	0.453	0.392
0.045	0.367	0.515	0.073
0.050	0.269	0.178	0.503
0.064	0.320	0.073	0.543
0.065	0.286	0.089	0.560
>CCTTATCTVATC	8-CCTTATCTVATC	8.191067	-153.262600	0	T:638.0(2.32%),B:771.2(1.08%),P:1e-66	Tpos:99.4,Tstd:53.0,Bpos:95.9,Bstd:54.8,StrandBias:-0.1,Multiplicity:1.04
0.033	0.843	0.070	0.054
0.028	0.906	0.022	0.044
0.041	0.053	0.015	0.891
0.054	0.052	0.041	0.853
0.825	0.099	0.032	0.044
0.025	0.073	0.028	0.874
0.014	0.913	0.019	0.054
0.086	0.141	0.019	0.754
0.335	0.355	0.309	0.001
0.623	0.157	0.066	0.154
0.087	0.082	0.106	0.725
0.045	0.795	0.102	0.058
>GCGCATGCGCAT	9-GCGCATGCGCAT	9.020628	-119.903405	0	T:832.0(3.03%),B:1220.1(1.71%),P:1e-52	Tpos:102.7,Tstd:52.7,Bpos:85.8,Bstd:58.8,StrandBias:-0.0,Multiplicity:1.13
0.049	0.072	0.848	0.031
0.093	0.753	0.118	0.036
0.056	0.078	0.772	0.094
0.057	0.833	0.069	0.041
0.645	0.173	0.089	0.093
0.080	0.082	0.145	0.693
0.026	0.068	0.853	0.053
0.047	0.828	0.074	0.051
0.064	0.089	0.750	0.097
0.030	0.813	0.090	0.067
0.641	0.137	0.125	0.097
0.089	0.124	0.216	0.571
>GMGTCCAGGTTG	10-GMGTCCAGGTTG	13.507975	-114.706822	0	T:46.0(0.17%),B:4.5(0.01%),P:1e-49	Tpos:74.0,Tstd:45.4,Bpos:137.9,Bstd:24.5,StrandBias:0.8,Multiplicity:1.13
0.001	0.001	0.997	0.001
0.367	0.436	0.196	0.001
0.001	0.001	0.997	0.001
0.196	0.001	0.001	0.802
0.001	0.997	0.001	0.001
0.001	0.997	0.001	0.001
0.655	0.001	0.343	0.001
0.001	0.001	0.802	0.196
0.001	0.001	0.997	0.001
0.001	0.001	0.001	0.997
0.001	0.001	0.001	0.997
0.001	0.001	0.997	0.001
>TAAGCGTCGTTG	11-TAAGCGTCGTTG	10.862580	-94.498812	0	T:33.0(0.12%),B:2.5(0.00%),P:1e-41	Tpos:92.8,Tstd:50.8,Bpos:60.8,Bstd:52.0,StrandBias:0.6,Multiplicity:1.00
0.130	0.072	0.030	0.768
0.826	0.116	0.029	0.029
0.769	0.029	0.101	0.101
0.028	0.001	0.970	0.001
0.058	0.911	0.029	0.002
0.058	0.086	0.798	0.058
0.029	0.058	0.029	0.884
0.086	0.856	0.029	0.029
0.125	0.086	0.760	0.029
0.001	0.129	0.125	0.745
0.101	0.029	0.059	0.811
0.001	0.028	0.943	0.028
>GACCTCCGGGGC	12-GACCTCCGGGGC	13.438539	-93.976597	0	T:62.0(0.23%),B:15.4(0.02%),P:1e-40	Tpos:109.0,Tstd:56.6,Bpos:99.3,Bstd:37.7,StrandBias:0.4,Multiplicity:1.00
0.001	0.001	0.997	0.001
0.997	0.001	0.001	0.001
0.001	0.932	0.001	0.066
0.009	0.989	0.001	0.001
0.001	0.001	0.001	0.997
0.001	0.997	0.001	0.001
0.001	0.997	0.001	0.001
0.195	0.001	0.803	0.001
0.001	0.001	0.799	0.199
0.001	0.001	0.997	0.001
0.001	0.001	0.997	0.001
0.001	0.997	0.001	0.001
>TGACCAATCAGA	13-TGACCAATCAGA	8.816207	-91.037696	0	T:345.0(1.26%),B:401.6(0.56%),P:1e-39	Tpos:96.9,Tstd:54.6,Bpos:86.0,Bstd:58.7,StrandBias:-0.0,Multiplicity:1.08
0.041	0.032	0.087	0.840
0.028	0.057	0.864	0.051
0.674	0.067	0.131	0.128
0.024	0.869	0.092	0.015
0.029	0.904	0.022	0.045
0.908	0.034	0.012	0.046
0.882	0.032	0.071	0.015
0.019	0.036	0.125	0.820
0.047	0.885	0.053	0.015
0.874	0.031	0.068	0.027
0.015	0.150	0.785	0.050
0.698	0.104	0.126	0.072
>GACCGCTCAGCT	14-GACCGCTCAGCT	10.415517	-85.396260	0	T:156.0(0.57%),B:118.5(0.17%),P:1e-37	Tpos:103.2,Tstd:55.8,Bpos:102.5,Bstd:61.0,StrandBias:-0.2,Multiplicity:1.00
0.068	0.046	0.756	0.130
0.834	0.029	0.084	0.053
0.001	0.743	0.131	0.125
0.066	0.740	0.071	0.123
0.087	0.066	0.721	0.126
0.001	0.952	0.046	0.001
0.063	0.039	0.009	0.889
0.001	0.873	0.122	0.004
0.817	0.021	0.090	0.072
0.001	0.114	0.884	0.001
0.001	0.997	0.001	0.001
0.039	0.124	0.020	0.817
>CGCCGCCATTTT	15-CGCCGCCATTTT	9.487197	-81.299101	0	T:496.0(1.81%),B:699.0(0.98%),P:1e-35	Tpos:98.5,Tstd:55.2,Bpos:110.2,Bstd:54.5,StrandBias:0.4,Multiplicity:1.02
0.035	0.819	0.122	0.024
0.110	0.123	0.641	0.126
0.001	0.837	0.053	0.109
0.089	0.826	0.011	0.074
0.001	0.022	0.938	0.039
0.001	0.988	0.001	0.010
0.001	0.997	0.001	0.001
0.894	0.034	0.025	0.047
0.001	0.061	0.096	0.842
0.001	0.132	0.225	0.642
0.059	0.073	0.030	0.838
0.099	0.122	0.042	0.737
>GGTCGTGACGTA	16-GGTCGTGACGTA	11.312300	-78.111691	0	T:24.0(0.09%),B:1.6(0.00%),P:1e-33	Tpos:126.7,Tstd:52.0,Bpos:155.0,Bstd:3.1,StrandBias:1.7,Multiplicity:1.09
0.001	0.011	0.947	0.041
0.193	0.035	0.719	0.053
0.067	0.036	0.130	0.767
0.012	0.950	0.024	0.014
0.001	0.059	0.917	0.023
0.076	0.053	0.041	0.830
0.035	0.012	0.941	0.012
0.818	0.099	0.042	0.041
0.001	0.798	0.114	0.087
0.012	0.024	0.952	0.012
0.035	0.129	0.144	0.692
0.680	0.033	0.059	0.228
>TCTCGCGAGATT	17-TCTCGCGAGATT	9.514815	-76.600415	0	T:200.0(0.73%),B:192.9(0.27%),P:1e-33	Tpos:111.3,Tstd:51.3,Bpos:86.5,Bstd:60.4,StrandBias:-0.2,Multiplicity:1.04
0.015	0.148	0.021	0.816
0.091	0.894	0.001	0.014
0.013	0.022	0.104	0.861
0.019	0.956	0.017	0.008
0.031	0.025	0.925	0.019
0.004	0.937	0.038	0.021
0.001	0.030	0.950	0.019
0.937	0.019	0.036	0.008
0.001	0.008	0.852	0.139
0.872	0.058	0.051	0.019
0.059	0.210	0.252	0.480
0.071	0.306	0.099	0.524
>CGAGGACTTCCG	18-CGAGGACTTCCG	12.240911	-63.255764	0	T:30.0(0.11%),B:4.2(0.01%),P:1e-27	Tpos:108.0,Tstd:49.7,Bpos:142.2,Bstd:23.5,StrandBias:-1.7,Multiplicity:1.00
0.001	0.997	0.001	0.001
0.001	0.001	0.997	0.001
0.997	0.001	0.001	0.001
0.001	0.030	0.968	0.001
0.001	0.001	0.997	0.001
0.693	0.001	0.305	0.001
0.001	0.997	0.001	0.001
0.001	0.001	0.001	0.997
0.388	0.001	0.001	0.610
0.001	0.997	0.001	0.001
0.001	0.997	0.001	0.001
0.001	0.001	0.997	0.001
>AACGATCAGCCA	19-AACGATCAGCCA	10.790200	-55.017925	0	T:33.0(0.12%),B:7.7(0.01%),P:1e-23	Tpos:118.7,Tstd:46.3,Bpos:53.2,Bstd:22.3,StrandBias:-1.0,Multiplicity:1.00
0.870	0.016	0.065	0.049
0.824	0.001	0.048	0.127
0.016	0.814	0.089	0.081
0.121	0.032	0.798	0.049
0.816	0.103	0.049	0.032
0.049	0.017	0.097	0.837
0.049	0.870	0.065	0.016
0.831	0.032	0.136	0.001
0.016	0.018	0.950	0.016
0.049	0.771	0.123	0.057
0.048	0.919	0.001	0.032
0.716	0.073	0.001	0.210
>TTTTTTTTTTTT	20-TTTTTTTTTTTT	2.885990	-47.177349	0	T:13890.0(50.62%),B:34116.1(47.78%),P:1e-20	Tpos:99.9,Tstd:54.9,Bpos:100.5,Bstd:60.3,StrandBias:-0.0,Multiplicity:1.90
0.073	0.132	0.217	0.578
0.121	0.149	0.213	0.517
0.014	0.037	0.252	0.697
0.133	0.020	0.185	0.662
0.106	0.018	0.180	0.696
0.029	0.018	0.165	0.788
0.012	0.187	0.091	0.710
0.058	0.185	0.101	0.656
0.106	0.145	0.146	0.603
0.157	0.156	0.155	0.532
0.189	0.064	0.205	0.542
0.164	0.179	0.205	0.451
>AATTCTGGGAAG	21-AATTCTGGGAAG	12.261491	-42.782074	0	T:28.0(0.10%),B:7.1(0.01%),P:1e-18	Tpos:103.5,Tstd:50.0,Bpos:81.8,Bstd:13.0,StrandBias:3.8,Multiplicity:1.07
0.997	0.001	0.001	0.001
0.997	0.001	0.001	0.001
0.001	0.001	0.001	0.997
0.001	0.001	0.001	0.997
0.001	0.899	0.099	0.001
0.001	0.001	0.001	0.997
0.001	0.001	0.997	0.001
0.001	0.001	0.997	0.001
0.001	0.015	0.983	0.001
0.960	0.001	0.001	0.038
0.997	0.001	0.001	0.001
0.001	0.001	0.997	0.001
>ATACTTAGGGAA	22-ATACTTAGGGAA	12.199741	-33.498838	0	T:21.0(0.08%),B:5.7(0.01%),P:1e-14	Tpos:117.2,Tstd:57.3,Bpos:84.5,Bstd:33.3,StrandBias:-1.0,Multiplicity:1.43
0.883	0.037	0.025	0.055
0.001	0.012	0.197	0.790
0.646	0.043	0.152	0.159
0.037	0.778	0.067	0.118
0.055	0.296	0.001	0.648
0.025	0.049	0.012	0.914
0.952	0.012	0.024	0.012
0.055	0.043	0.865	0.037
0.012	0.024	0.940	0.024
0.055	0.055	0.853	0.037
0.859	0.037	0.037	0.067
0.883	0.049	0.025	0.043
>AGTCACGTGGGT	23-AGTCACGTGGGT	12.153165	-29.954781	0	T:26.0(0.09%),B:10.1(0.01%),P:1e-13	Tpos:108.6,Tstd:55.0,Bpos:85.5,Bstd:38.5,StrandBias:1.0,Multiplicity:1.62
0.983	0.001	0.001	0.015
0.001	0.015	0.983	0.001
0.001	0.001	0.001	0.997
0.001	0.997	0.001	0.001
0.997	0.001	0.001	0.001
0.016	0.952	0.016	0.016
0.001	0.015	0.969	0.015
0.001	0.001	0.001	0.997
0.001	0.001	0.997	0.001
0.015	0.001	0.983	0.001
0.039	0.099	0.861	0.001
0.001	0.001	0.001	0.997
>CCCTGCAGACGT	24-CCCTGCAGACGT	11.891951	-28.374054	0	T:11.0(0.04%),B:1.8(0.00%),P:1e-12	Tpos:75.9,Tstd:44.1,Bpos:155.8,Bstd:14.7,StrandBias:-3.4,Multiplicity:3.18
0.001	0.997	0.001	0.001
0.001	0.997	0.001	0.001
0.001	0.997	0.001	0.001
0.001	0.001	0.001	0.997
0.001	0.001	0.997	0.001
0.001	0.997	0.001	0.001
0.989	0.001	0.009	0.001
0.001	0.001	0.997	0.001
0.997	0.001	0.001	0.001
0.001	0.997	0.001	0.001
0.001	0.001	0.997	0.001
0.001	0.001	0.001	0.997
>ATTTTTTTTTTN	25-ATTTTTTTTTTN	8.147344	-8.244524	0	T:390.0(1.42%),B:847.3(1.19%),P:1e-3	Tpos:69.2,Tstd:40.1,Bpos:122.3,Bstd:61.8,StrandBias:10.0,Multiplicity:1.00
0.576	0.237	0.112	0.075
0.100	0.135	0.073	0.692
0.079	0.163	0.066	0.692
0.114	0.211	0.065	0.610
0.107	0.294	0.078	0.521
0.142	0.257	0.073	0.528
0.152	0.197	0.099	0.552
0.143	0.190	0.098	0.569
0.120	0.155	0.086	0.639
0.091	0.159	0.088	0.662
0.091	0.150	0.075	0.684
0.200	0.315	0.208	0.277
