>TTATCTSB	1-TTATCTSB	5.281071	-1055.762452	0	T:4227.0(15.40%),B:5172.5(7.24%),P:1e-458	Tpos:99.6,Tstd:53.3,Bpos:99.1,Bstd:60.8,StrandBias:-0.0,Multiplicity:1.21
0.048	0.050	0.013	0.889
0.035	0.021	0.006	0.938
0.947	0.007	0.021	0.025
0.015	0.021	0.016	0.948
0.031	0.902	0.048	0.019
0.217	0.029	0.096	0.658
0.069	0.378	0.352	0.200
0.182	0.210	0.341	0.267
>ATGAGTCA	2-ATGAGTCA	8.893790	-871.140404	0	T:1608.0(5.86%),B:1220.8(1.71%),P:1e-378	Tpos:102.7,Tstd:53.3,Bpos:104.0,Bstd:57.3,StrandBias:0.0,Multiplicity:1.10
0.628	0.187	0.176	0.009
0.001	0.001	0.001	0.997
0.001	0.001	0.991	0.007
0.997	0.001	0.001	0.001
0.006	0.329	0.655	0.010
0.001	0.001	0.001	0.997
0.013	0.985	0.001	0.001
0.997	0.001	0.001	0.001
>GATARSDM	3-GATARSDM	5.556716	-665.350543	0	T:5784.0(21.08%),B:9369.3(13.12%),P:1e-288	Tpos:101.9,Tstd:56.1,Bpos:99.2,Bstd:59.3,StrandBias:0.3,Multiplicity:1.07
0.001	0.001	0.997	0.001
0.997	0.001	0.001	0.001
0.001	0.001	0.001	0.997
0.622	0.001	0.001	0.376
0.483	0.069	0.447	0.001
0.001	0.483	0.344	0.172
0.354	0.172	0.253	0.222
0.305	0.417	0.112	0.165
>AYTTCCGG	4-AYTTCCGG	5.454666	-405.410937	0	T:5503.0(20.05%),B:9868.5(13.82%),P:1e-176	Tpos:100.0,Tstd:55.3,Bpos:95.9,Bstd:61.8,StrandBias:-0.0,Multiplicity:1.21
0.479	0.189	0.178	0.154
0.165	0.356	0.070	0.409
0.135	0.089	0.009	0.767
0.211	0.083	0.040	0.666
0.191	0.640	0.116	0.053
0.001	0.925	0.063	0.011
0.001	0.022	0.965	0.012
0.165	0.197	0.566	0.072
>GCCACGCC	5-GCCACGCC	7.024267	-342.861549	0	T:7396.0(26.95%),B:14560.9(20.39%),P:1e-148	Tpos:100.4,Tstd:55.0,Bpos:93.3,Bstd:61.4,StrandBias:-0.0,Multiplicity:1.50
0.323	0.001	0.573	0.103
0.110	0.731	0.050	0.109
0.103	0.711	0.001	0.185
0.605	0.393	0.001	0.001
0.001	0.997	0.001	0.001
0.231	0.001	0.767	0.001
0.060	0.884	0.001	0.055
0.054	0.944	0.001	0.001
>RYGACTAA	6-RYGACTAA	6.333835	-338.303871	0	T:2947.0(10.74%),B:4674.8(6.55%),P:1e-146	Tpos:100.4,Tstd:56.5,Bpos:99.3,Bstd:60.6,StrandBias:0.2,Multiplicity:1.03
0.434	0.085	0.480	0.001
0.157	0.356	0.001	0.486
0.001	0.001	0.997	0.001
0.997	0.001	0.001	0.001
0.001	0.782	0.216	0.001
0.289	0.030	0.001	0.680
0.643	0.229	0.001	0.127
0.850	0.001	0.148	0.001
>CCCGCCCA	7-CCCGCCCA	7.748580	-276.788773	0	T:5531.0(20.16%),B:10647.8(14.91%),P:1e-120	Tpos:98.5,Tstd:56.5,Bpos:93.3,Bstd:61.8,StrandBias:0.0,Multiplicity:1.12
0.072	0.868	0.001	0.059
0.001	0.997	0.001	0.001
0.001	0.997	0.001	0.001
0.001	0.001	0.997	0.001
0.001	0.997	0.001	0.001
0.163	0.835	0.001	0.001
0.001	0.960	0.001	0.038
0.757	0.241	0.001	0.001
>CGCCMTAT	8-CGCCMTAT	3.374913	-239.773544	0	T:4045.0(14.74%),B:7500.6(10.51%),P:1e-104	Tpos:100.6,Tstd:55.3,Bpos:100.2,Bstd:60.0,StrandBias:0.1,Multiplicity:1.08
0.001	0.997	0.001	0.001
0.001	0.001	0.997	0.001
0.001	0.997	0.001	0.001
0.001	0.997	0.001	0.001
0.544	0.454	0.001	0.001
0.001	0.001	0.001	0.997
0.997	0.001	0.001	0.001
0.001	0.001	0.001	0.997
>GCGGTATT	9-GCGGTATT	3.475600	-201.526240	0	T:14477.0(52.75%),B:33383.5(46.76%),P:1e-87	Tpos:100.6,Tstd:55.6,Bpos:100.3,Bstd:63.7,StrandBias:-0.0,Multiplicity:1.44
0.220	0.119	0.531	0.130
0.076	0.791	0.001	0.132
0.005	0.148	0.782	0.065
0.206	0.193	0.394	0.207
0.001	0.263	0.191	0.545
0.547	0.069	0.129	0.255
0.197	0.186	0.144	0.472
0.230	0.158	0.133	0.479
>GAGTCATT	10-GAGTCATT	7.113781	-184.440861	0	T:1483.0(5.40%),B:2279.7(3.19%),P:1e-80	Tpos:103.3,Tstd:56.7,Bpos:99.1,Bstd:56.1,StrandBias:-0.0,Multiplicity:1.03
0.046	0.001	0.859	0.094
0.890	0.001	0.058	0.051
0.016	0.030	0.953	0.001
0.001	0.065	0.001	0.933
0.020	0.917	0.062	0.001
0.922	0.032	0.001	0.045
0.001	0.241	0.001	0.757
0.001	0.085	0.031	0.883
>AGGCCGTA	11-AGGCCGTA	4.666098	-175.452512	0	T:9557.0(34.83%),B:21161.2(29.64%),P:1e-76	Tpos:99.4,Tstd:55.6,Bpos:100.1,Bstd:62.4,StrandBias:-0.0,Multiplicity:1.19
0.788	0.105	0.040	0.067
0.061	0.122	0.718	0.099
0.105	0.073	0.697	0.125
0.044	0.845	0.055	0.056
0.064	0.841	0.070	0.025
0.047	0.029	0.714	0.210
0.073	0.123	0.138	0.666
0.737	0.082	0.049	0.132
>GACGTAAT	12-GACGTAAT	4.597149	-128.664589	0	T:4199.0(15.30%),B:8624.4(12.08%),P:1e-55	Tpos:97.7,Tstd:55.0,Bpos:97.1,Bstd:63.2,StrandBias:-0.0,Multiplicity:1.09
0.051	0.076	0.818	0.055
0.758	0.045	0.078	0.119
0.041	0.830	0.065	0.064
0.053	0.094	0.805	0.048
0.059	0.135	0.114	0.692
0.732	0.115	0.051	0.102
0.714	0.110	0.086	0.090
0.112	0.129	0.106	0.653
>TGACGTAA	13-TGACGTAA	5.987443	-121.682186	0	T:483.0(1.76%),B:572.5(0.80%),P:1e-52	Tpos:97.0,Tstd:52.7,Bpos:92.6,Bstd:59.2,StrandBias:0.0,Multiplicity:1.05
0.001	0.001	0.001	0.997
0.001	0.001	0.721	0.277
0.997	0.001	0.001	0.001
0.001	0.971	0.001	0.027
0.001	0.001	0.997	0.001
0.001	0.317	0.001	0.681
0.997	0.001	0.001	0.001
0.997	0.001	0.001	0.001
>CCRYTAGA	14-CCRYTAGA	4.810792	-113.634877	0	T:2154.0(7.85%),B:4044.0(5.66%),P:1e-49	Tpos:100.2,Tstd:55.1,Bpos:99.3,Bstd:61.4,StrandBias:0.1,Multiplicity:1.03
0.001	0.997	0.001	0.001
0.001	0.992	0.006	0.001
0.473	0.001	0.525	0.001
0.070	0.533	0.001	0.396
0.070	0.001	0.001	0.928
0.997	0.001	0.001	0.001
0.001	0.001	0.997	0.001
0.867	0.001	0.131	0.001
>CGATTGGM	15-CGATTGGM	5.958744	-105.270256	0	T:2696.0(9.82%),B:5326.2(7.46%),P:1e-45	Tpos:100.5,Tstd:56.2,Bpos:89.7,Bstd:61.8,StrandBias:0.0,Multiplicity:1.17
0.001	0.641	0.053	0.305
0.018	0.144	0.729	0.109
0.977	0.001	0.001	0.021
0.075	0.001	0.001	0.923
0.118	0.027	0.001	0.854
0.001	0.001	0.997	0.001
0.012	0.098	0.874	0.016
0.425	0.353	0.055	0.168
>TACCGCAG	16-TACCGCAG	5.144651	-84.874579	0	T:4275.0(15.58%),B:9226.3(12.92%),P:1e-36	Tpos:98.0,Tstd:57.1,Bpos:100.5,Bstd:61.9,StrandBias:-0.1,Multiplicity:1.06
0.134	0.020	0.103	0.743
0.738	0.078	0.069	0.115
0.155	0.666	0.115	0.064
0.076	0.819	0.066	0.039
0.084	0.050	0.832	0.034
0.064	0.775	0.057	0.104
0.751	0.072	0.086	0.091
0.100	0.064	0.678	0.158
>YGTAGTTH	17-YGTAGTTH	6.212662	-70.416240	0	T:1361.0(4.96%),B:2560.2(3.59%),P:1e-30	Tpos:98.9,Tstd:56.0,Bpos:95.7,Bstd:60.7,StrandBias:0.1,Multiplicity:1.06
0.001	0.450	0.001	0.548
0.122	0.001	0.858	0.019
0.001	0.001	0.210	0.788
0.630	0.127	0.242	0.001
0.221	0.047	0.640	0.092
0.001	0.283	0.001	0.715
0.192	0.248	0.001	0.559
0.339	0.328	0.001	0.332
>GCTGATTA	18-GCTGATTA	7.331697	-68.327864	0	T:834.0(3.04%),B:1429.2(2.00%),P:1e-29	Tpos:100.1,Tstd:56.8,Bpos:95.8,Bstd:58.4,StrandBias:0.0,Multiplicity:1.02
0.084	0.054	0.812	0.050
0.015	0.983	0.001	0.001
0.121	0.020	0.001	0.858
0.036	0.100	0.863	0.001
0.880	0.118	0.001	0.001
0.001	0.088	0.148	0.763
0.001	0.001	0.041	0.957
0.997	0.001	0.001	0.001
>GCTTMCTC	19-GCTTMCTC	8.396098	-60.373808	0	T:1536.0(5.60%),B:3025.0(4.24%),P:1e-26	Tpos:97.0,Tstd:53.0,Bpos:99.0,Bstd:59.7,StrandBias:-0.1,Multiplicity:1.03
0.263	0.001	0.735	0.001
0.007	0.780	0.001	0.212
0.001	0.001	0.001	0.997
0.001	0.001	0.044	0.954
0.488	0.510	0.001	0.001
0.001	0.991	0.007	0.001
0.001	0.001	0.001	0.997
0.001	0.702	0.051	0.246
>CTCCTCCC	20-CTCCTCCC	10.112210	-45.789795	0	T:2630.0(9.58%),B:5730.5(8.03%),P:1e-19	Tpos:100.0,Tstd:56.7,Bpos:96.7,Bstd:57.4,StrandBias:-0.1,Multiplicity:1.11
0.001	0.997	0.001	0.001
0.001	0.001	0.001	0.997
0.001	0.997	0.001	0.001
0.001	0.997	0.001	0.001
0.384	0.001	0.001	0.614
0.001	0.997	0.001	0.001
0.001	0.997	0.001	0.001
0.001	0.997	0.001	0.001
>TTTTTTTT	21-TTTTTTTT	-9.647934	-45.554883	0	T:16935.0(61.71%),B:42114.5(58.99%),P:1e-19	Tpos:99.9,Tstd:56.3,Bpos:100.1,Bstd:61.5,StrandBias:0.0,Multiplicity:2.39
0.001	0.001	0.102	0.896
0.001	0.001	0.001	0.997
0.001	0.001	0.001	0.997
0.001	0.001	0.001	0.997
0.001	0.001	0.001	0.997
0.001	0.001	0.001	0.997
0.001	0.001	0.001	0.997
0.001	0.001	0.001	0.997
>TCTCGCGA	22-TCTCGCGA	9.718395	-45.430226	0	T:224.0(0.82%),B:294.3(0.41%),P:1e-19	Tpos:114.5,Tstd:47.0,Bpos:92.6,Bstd:65.5,StrandBias:-0.1,Multiplicity:1.02
0.001	0.001	0.001	0.997
0.001	0.997	0.001	0.001
0.001	0.001	0.001	0.997
0.259	0.739	0.001	0.001
0.001	0.001	0.997	0.001
0.001	0.997	0.001	0.001
0.001	0.001	0.997	0.001
0.997	0.001	0.001	0.001
>GCGCATGC	23-GCGCATGC	10.874543	-43.753650	0	T:360.0(1.31%),B:560.2(0.78%),P:1e-19	Tpos:105.4,Tstd:52.7,Bpos:84.8,Bstd:56.3,StrandBias:0.1,Multiplicity:1.10
0.109	0.001	0.889	0.001
0.001	0.997	0.001	0.001
0.001	0.001	0.997	0.001
0.001	0.997	0.001	0.001
0.997	0.001	0.001	0.001
0.001	0.001	0.001	0.997
0.075	0.001	0.923	0.001
0.001	0.997	0.001	0.001
>CACGTGAC	24-CACGTGAC	10.916171	-33.070041	0	T:335.0(1.22%),B:553.7(0.78%),P:1e-14	Tpos:103.2,Tstd:50.7,Bpos:82.9,Bstd:57.6,StrandBias:-0.2,Multiplicity:1.14
0.001	0.997	0.001	0.001
0.997	0.001	0.001	0.001
0.001	0.997	0.001	0.001
0.001	0.001	0.997	0.001
0.001	0.001	0.001	0.997
0.001	0.001	0.997	0.001
0.997	0.001	0.001	0.001
0.001	0.858	0.001	0.140
>ATAGCGAG	25-ATAGCGAG	8.236954	-25.286396	0	T:63.0(0.23%),B:61.2(0.09%),P:1e-10	Tpos:123.1,Tstd:44.3,Bpos:98.7,Bstd:50.5,StrandBias:-0.3,Multiplicity:1.00
0.700	0.100	0.100	0.100
0.100	0.100	0.100	0.700
0.700	0.100	0.100	0.100
0.100	0.100	0.700	0.100
0.100	0.700	0.100	0.100
0.100	0.100	0.700	0.100
0.700	0.100	0.100	0.100
0.100	0.100	0.700	0.100
