>NVAGATAAGR	1-NVAGATAAGR	6.905539	-1233.824181	0	T:2728.0(9.94%),B:2382.7(3.34%),P:1e-535	Tpos:98.7,Tstd:51.7,Bpos:100.6,Bstd:59.4,StrandBias:0.0,Multiplicity:1.12
0.243	0.240	0.333	0.185
0.197	0.326	0.338	0.139
0.598	0.098	0.001	0.303
0.001	0.001	0.997	0.001
0.997	0.001	0.001	0.001
0.001	0.001	0.001	0.997
0.997	0.001	0.001	0.001
0.997	0.001	0.001	0.001
0.071	0.309	0.619	0.001
0.366	0.211	0.277	0.146
>ATGASTCATC	2-ATGASTCATC	4.500932	-949.904968	0	T:1551.0(5.65%),B:1068.5(1.50%),P:1e-412	Tpos:103.7,Tstd:52.4,Bpos:102.7,Bstd:56.1,StrandBias:-0.0,Multiplicity:1.10
0.604	0.194	0.201	0.001
0.001	0.001	0.001	0.997
0.001	0.001	0.997	0.001
0.997	0.001	0.001	0.001
0.001	0.518	0.480	0.001
0.001	0.001	0.001	0.997
0.001	0.997	0.001	0.001
0.997	0.001	0.001	0.001
0.001	0.205	0.300	0.494
0.145	0.563	0.099	0.193
>GCYCCGCCCM	3-GCYCCGCCCM	6.724677	-643.622787	0	T:6063.0(22.09%),B:10049.7(14.08%),P:1e-279	Tpos:100.2,Tstd:54.6,Bpos:89.2,Bstd:57.9,StrandBias:-0.0,Multiplicity:1.57
0.358	0.059	0.519	0.064
0.134	0.504	0.047	0.315
0.121	0.419	0.042	0.417
0.359	0.543	0.021	0.077
0.073	0.746	0.061	0.120
0.251	0.028	0.630	0.091
0.089	0.843	0.022	0.046
0.053	0.859	0.051	0.037
0.047	0.598	0.038	0.317
0.381	0.373	0.028	0.218
>AYTTCCGSTT	4-AYTTCCGSTT	6.554284	-502.986696	0	T:5610.0(20.44%),B:9649.3(13.52%),P:1e-218	Tpos:99.7,Tstd:54.2,Bpos:96.6,Bstd:60.1,StrandBias:-0.1,Multiplicity:1.19
0.494	0.113	0.241	0.152
0.001	0.466	0.168	0.366
0.041	0.010	0.001	0.948
0.001	0.001	0.001	0.997
0.001	0.997	0.001	0.001
0.001	0.926	0.070	0.003
0.001	0.035	0.749	0.215
0.122	0.348	0.427	0.102
0.157	0.275	0.130	0.439
0.167	0.223	0.230	0.380
>CCACTAGGGG	5-CCACTAGGGG	8.232332	-296.350361	0	T:753.0(2.74%),B:704.0(0.99%),P:1e-128	Tpos:95.7,Tstd:47.3,Bpos:103.6,Bstd:56.1,StrandBias:0.3,Multiplicity:1.01
0.013	0.972	0.001	0.014
0.001	0.997	0.001	0.001
0.953	0.001	0.017	0.029
0.001	0.970	0.026	0.003
0.069	0.121	0.001	0.809
0.976	0.001	0.022	0.001
0.001	0.001	0.997	0.001
0.147	0.010	0.842	0.001
0.011	0.024	0.733	0.232
0.001	0.001	0.997	0.001
>CCCYCTRTTG	6-CCCYCTRTTG	8.864117	-264.867046	0	T:1108.0(4.04%),B:1343.3(1.88%),P:1e-115	Tpos:100.5,Tstd:51.8,Bpos:98.5,Bstd:58.9,StrandBias:0.0,Multiplicity:1.02
0.001	0.997	0.001	0.001
0.001	0.997	0.001	0.001
0.001	0.997	0.001	0.001
0.001	0.411	0.054	0.534
0.098	0.900	0.001	0.001
0.001	0.001	0.154	0.844
0.427	0.001	0.489	0.083
0.001	0.268	0.168	0.563
0.078	0.278	0.001	0.643
0.001	0.001	0.997	0.001
>CAAVATGGCG	7-CAAVATGGCG	6.719061	-154.797440	0	T:880.0(3.21%),B:1205.8(1.69%),P:1e-67	Tpos:97.5,Tstd:55.6,Bpos:103.6,Bstd:58.3,StrandBias:-0.3,Multiplicity:1.02
0.207	0.395	0.170	0.229
0.475	0.027	0.194	0.304
0.686	0.231	0.040	0.043
0.364	0.249	0.359	0.027
0.600	0.035	0.324	0.041
0.245	0.060	0.260	0.435
0.043	0.079	0.811	0.067
0.041	0.049	0.598	0.312
0.035	0.723	0.032	0.210
0.227	0.127	0.588	0.058
>TGATGCAATA	8-TGATGCAATA	6.524612	-150.614170	0	T:369.0(1.34%),B:338.7(0.47%),P:1e-65	Tpos:101.1,Tstd:53.2,Bpos:97.6,Bstd:53.9,StrandBias:0.2,Multiplicity:1.03
0.089	0.239	0.130	0.542
0.117	0.125	0.701	0.057
0.680	0.126	0.063	0.131
0.092	0.221	0.202	0.485
0.102	0.219	0.577	0.102
0.146	0.660	0.035	0.159
0.676	0.044	0.182	0.098
0.666	0.138	0.074	0.122
0.132	0.193	0.105	0.570
0.474	0.240	0.187	0.099
>CTGATTGGTC	9-CTGATTGGTC	6.955455	-121.291894	0	T:1022.0(3.72%),B:1590.5(2.23%),P:1e-52	Tpos:100.4,Tstd:54.8,Bpos:86.8,Bstd:59.8,StrandBias:0.2,Multiplicity:1.08
0.056	0.803	0.081	0.060
0.050	0.133	0.072	0.745
0.077	0.093	0.819	0.011
0.860	0.047	0.038	0.055
0.072	0.035	0.071	0.822
0.078	0.105	0.016	0.801
0.108	0.063	0.808	0.021
0.047	0.044	0.813	0.096
0.152	0.069	0.059	0.720
0.066	0.810	0.057	0.067
>BRCGCAWGCK	10-BRCGCAWGCK	6.263220	-116.412551	0	T:869.0(3.17%),B:1304.4(1.83%),P:1e-50	Tpos:103.1,Tstd:55.1,Bpos:84.9,Bstd:58.9,StrandBias:-0.1,Multiplicity:1.19
0.188	0.204	0.259	0.350
0.296	0.255	0.435	0.015
0.334	0.620	0.020	0.026
0.017	0.018	0.936	0.029
0.271	0.570	0.031	0.128
0.412	0.193	0.190	0.206
0.279	0.117	0.205	0.399
0.288	0.027	0.530	0.155
0.096	0.648	0.025	0.231
0.020	0.204	0.452	0.324
>VVTKACGTCA	11-VVTKACGTCA	5.882405	-102.479019	0	T:771.0(2.81%),B:1160.8(1.63%),P:1e-44	Tpos:102.8,Tstd:56.1,Bpos:86.1,Bstd:60.4,StrandBias:-0.0,Multiplicity:1.09
0.238	0.225	0.361	0.176
0.368	0.236	0.244	0.152
0.077	0.220	0.040	0.663
0.127	0.126	0.448	0.299
0.547	0.158	0.255	0.040
0.029	0.671	0.188	0.112
0.180	0.187	0.554	0.079
0.045	0.281	0.099	0.575
0.234	0.563	0.067	0.136
0.660	0.058	0.127	0.155
>GATAAACCGC	12-GATAAACCGC	6.680808	-97.366477	0	T:1204.0(4.39%),B:2068.0(2.90%),P:1e-42	Tpos:104.5,Tstd:55.0,Bpos:100.5,Bstd:61.6,StrandBias:-0.1,Multiplicity:1.02
0.134	0.052	0.754	0.060
0.684	0.155	0.096	0.065
0.146	0.152	0.073	0.629
0.716	0.088	0.174	0.022
0.878	0.081	0.040	0.001
0.954	0.027	0.017	0.002
0.056	0.817	0.126	0.001
0.171	0.759	0.018	0.052
0.077	0.008	0.870	0.045
0.077	0.776	0.091	0.056
>TCGCGMGATM	13-TCGCGMGATM	7.583715	-97.125897	0	T:413.0(1.50%),B:505.8(0.71%),P:1e-42	Tpos:107.3,Tstd:51.2,Bpos:89.9,Bstd:64.5,StrandBias:0.1,Multiplicity:1.05
0.001	0.060	0.001	0.938
0.287	0.685	0.027	0.001
0.001	0.151	0.599	0.249
0.157	0.705	0.137	0.001
0.043	0.001	0.950	0.006
0.368	0.460	0.126	0.045
0.001	0.015	0.804	0.180
0.765	0.038	0.122	0.075
0.001	0.001	0.140	0.858
0.460	0.427	0.085	0.028
>CGTRTRCCGA	14-CGTRTRCCGA	9.452359	-65.842575	0	T:39.0(0.14%),B:8.9(0.01%),P:1e-28	Tpos:114.8,Tstd:49.6,Bpos:87.9,Bstd:43.8,StrandBias:-0.5,Multiplicity:1.00
0.001	0.997	0.001	0.001
0.001	0.001	0.997	0.001
0.001	0.001	0.001	0.997
0.467	0.001	0.531	0.001
0.001	0.001	0.001	0.997
0.467	0.001	0.531	0.001
0.009	0.946	0.044	0.001
0.001	0.997	0.001	0.001
0.001	0.001	0.997	0.001
0.997	0.001	0.001	0.001
>GCTAATCTCC	15-GCTAATCTCC	7.797735	-65.093881	0	T:287.0(1.05%),B:358.2(0.50%),P:1e-28	Tpos:103.9,Tstd:58.9,Bpos:100.7,Bstd:61.0,StrandBias:-0.0,Multiplicity:1.00
0.337	0.014	0.540	0.109
0.328	0.496	0.010	0.166
0.047	0.038	0.061	0.854
0.794	0.016	0.030	0.160
0.710	0.028	0.206	0.056
0.001	0.113	0.225	0.661
0.072	0.640	0.110	0.178
0.148	0.044	0.001	0.807
0.031	0.727	0.060	0.182
0.107	0.645	0.161	0.087
>AACAACGCAA	16-AACAACGCAA	9.687992	-61.844494	0	T:24.0(0.09%),B:2.6(0.00%),P:1e-26	Tpos:92.0,Tstd:62.6,Bpos:87.4,Bstd:41.6,StrandBias:-0.5,Multiplicity:1.00
0.997	0.001	0.001	0.001
0.875	0.123	0.001	0.001
0.001	0.980	0.001	0.018
0.997	0.001	0.001	0.001
0.997	0.001	0.001	0.001
0.001	0.997	0.001	0.001
0.001	0.001	0.997	0.001
0.001	0.997	0.001	0.001
0.997	0.001	0.001	0.001
0.997	0.001	0.001	0.001
>TAGGATTAAC	17-TAGGATTAAC	13.738424	-57.878280	0	T:19.0(0.07%),B:1.5(0.00%),P:1e-25	Tpos:100.8,Tstd:47.7,Bpos:107.6,Bstd:3.9,StrandBias:0.8,Multiplicity:1.00
0.001	0.001	0.001	0.997
0.997	0.001	0.001	0.001
0.001	0.047	0.951	0.001
0.001	0.001	0.997	0.001
0.997	0.001	0.001	0.001
0.001	0.047	0.001	0.951
0.001	0.001	0.001	0.997
0.997	0.001	0.001	0.001
0.997	0.001	0.001	0.001
0.001	0.997	0.001	0.001
>CGCCAAMATA	18-CGCCAAMATA	10.931539	-56.932352	0	T:30.0(0.11%),B:5.1(0.01%),P:1e-24	Tpos:127.2,Tstd:48.0,Bpos:42.7,Bstd:26.6,StrandBias:-1.1,Multiplicity:1.08
0.001	0.997	0.001	0.001
0.001	0.363	0.635	0.001
0.032	0.966	0.001	0.001
0.068	0.892	0.001	0.039
0.459	0.292	0.013	0.237
0.798	0.133	0.068	0.001
0.388	0.428	0.001	0.182
0.986	0.001	0.012	0.001
0.001	0.001	0.001	0.997
0.997	0.001	0.001	0.001
>ACGCCGTCAG	19-ACGCCGTCAG	12.190837	-51.463896	0	T:28.0(0.10%),B:5.8(0.01%),P:1e-22	Tpos:90.3,Tstd:50.7,Bpos:88.9,Bstd:51.1,StrandBias:2.1,Multiplicity:1.14
0.997	0.001	0.001	0.001
0.001	0.997	0.001	0.001
0.001	0.001	0.997	0.001
0.001	0.805	0.001	0.193
0.001	0.997	0.001	0.001
0.001	0.001	0.997	0.001
0.001	0.001	0.001	0.997
0.001	0.997	0.001	0.001
0.997	0.001	0.001	0.001
0.001	0.001	0.997	0.001
>GTAAAGCCGG	20-GTAAAGCCGG	11.497747	-51.463896	0	T:28.0(0.10%),B:5.5(0.01%),P:1e-22	Tpos:113.1,Tstd:59.8,Bpos:93.7,Bstd:51.4,StrandBias:1.9,Multiplicity:1.00
0.001	0.001	0.997	0.001
0.001	0.001	0.001	0.997
0.997	0.001	0.001	0.001
0.997	0.001	0.001	0.001
0.997	0.001	0.001	0.001
0.001	0.001	0.884	0.114
0.001	0.844	0.001	0.154
0.001	0.997	0.001	0.001
0.001	0.001	0.997	0.001
0.001	0.001	0.997	0.001
>CGTCRTTGTG	21-CGTCRTTGTG	9.925566	-48.258327	0	T:49.0(0.18%),B:22.0(0.03%),P:1e-20	Tpos:90.3,Tstd:59.7,Bpos:89.8,Bstd:61.9,StrandBias:0.7,Multiplicity:1.00
0.001	0.997	0.001	0.001
0.001	0.001	0.997	0.001
0.001	0.001	0.001	0.997
0.001	0.997	0.001	0.001
0.507	0.001	0.491	0.001
0.342	0.001	0.001	0.656
0.078	0.001	0.001	0.920
0.001	0.001	0.997	0.001
0.001	0.001	0.067	0.931
0.001	0.001	0.997	0.001
>AAAAAAAAAM	22-AAAAAAAAAM	8.649949	-44.175879	0	T:409.0(1.49%),B:657.4(0.92%),P:1e-19	Tpos:102.1,Tstd:56.0,Bpos:104.4,Bstd:65.0,StrandBias:-0.1,Multiplicity:1.05
0.439	0.104	0.217	0.240
0.685	0.045	0.226	0.044
0.742	0.231	0.007	0.020
0.661	0.310	0.028	0.001
0.646	0.217	0.136	0.001
0.673	0.269	0.057	0.001
0.957	0.017	0.022	0.004
0.947	0.033	0.012	0.008
0.540	0.277	0.165	0.018
0.301	0.370	0.183	0.146
>AGGTCATGTG	23-AGGTCATGTG	10.296193	-43.526739	0	T:25.0(0.09%),B:5.7(0.01%),P:1e-18	Tpos:87.0,Tstd:42.1,Bpos:82.6,Bstd:52.0,StrandBias:-0.9,Multiplicity:1.00
0.700	0.100	0.100	0.100
0.100	0.100	0.700	0.100
0.100	0.100	0.700	0.100
0.100	0.100	0.100	0.700
0.100	0.700	0.100	0.100
0.700	0.100	0.100	0.100
0.100	0.100	0.100	0.700
0.100	0.100	0.700	0.100
0.100	0.100	0.100	0.700
0.100	0.100	0.700	0.100
>TGAGCGGACT	24-TGAGCGGACT	10.296193	-41.862670	0	T:18.0(0.07%),B:2.9(0.00%),P:1e-18	Tpos:90.9,Tstd:66.5,Bpos:76.5,Bstd:53.4,StrandBias:0.3,Multiplicity:1.00
0.100	0.100	0.100	0.700
0.100	0.100	0.700	0.100
0.700	0.100	0.100	0.100
0.100	0.100	0.700	0.100
0.100	0.700	0.100	0.100
0.100	0.100	0.700	0.100
0.100	0.100	0.700	0.100
0.700	0.100	0.100	0.100
0.100	0.700	0.100	0.100
0.100	0.100	0.100	0.700
>TGTTGTCGCG	25-TGTTGTCGCG	11.723133	-34.601407	0	T:23.0(0.08%),B:6.2(0.01%),P:1e-15	Tpos:93.0,Tstd:45.2,Bpos:66.5,Bstd:88.3,StrandBias:-1.2,Multiplicity:1.00
0.001	0.001	0.001	0.997
0.123	0.001	0.875	0.001
0.001	0.001	0.001	0.997
0.001	0.001	0.001	0.997
0.001	0.001	0.997	0.001
0.001	0.001	0.001	0.997
0.001	0.997	0.001	0.001
0.001	0.001	0.997	0.001
0.001	0.997	0.001	0.001
0.018	0.001	0.980	0.001
