>NVAGATAAGR	1-NVAGATAAGR,BestGuess:Gata4(Zf)/Heart-Gata4-ChIP-Seq(GSE35151)/Homer(0.990)	6.905539	-1233.824181	0	T:2728.0(9.94%),B:2382.7(3.34%),P:1e-535
0.243	0.240	0.333	0.185
0.197	0.326	0.338	0.139
0.598	0.098	0.001	0.303
0.001	0.001	0.997	0.001
0.997	0.001	0.001	0.001
0.001	0.001	0.001	0.997
0.997	0.001	0.001	0.001
0.997	0.001	0.001	0.001
0.071	0.309	0.619	0.001
0.366	0.211	0.277	0.146
>ATGASTCATC	2-ATGASTCATC,BestGuess:JunB(bZIP)/DendriticCells-Junb-ChIP-Seq(GSE36099)/Homer(0.989)	4.500932	-949.904968	0	T:1551.0(5.65%),B:1068.5(1.50%),P:1e-412
0.604	0.194	0.201	0.001
0.001	0.001	0.001	0.997
0.001	0.001	0.997	0.001
0.997	0.001	0.001	0.001
0.001	0.518	0.480	0.001
0.001	0.001	0.001	0.997
0.001	0.997	0.001	0.001
0.997	0.001	0.001	0.001
0.001	0.205	0.300	0.494
0.145	0.563	0.099	0.193
>HARGCCCCGCCC	2-HARGCCCCGCCC,BestGuess:KLF1(Zf)/HUDEP2-KLF1-CutnRun(GSE136251)/Homer(0.965)	8.916927	-644.411302	0	T:3902.0(14.22%),B:5581.1(7.82%),P:1e-279
0.260	0.278	0.151	0.311
0.432	0.190	0.140	0.237
0.421	0.035	0.464	0.081
0.082	0.002	0.836	0.080
0.036	0.835	0.045	0.084
0.001	0.864	0.001	0.134
0.239	0.724	0.001	0.036
0.001	0.927	0.028	0.044
0.256	0.001	0.689	0.054
0.001	0.997	0.001	0.001
0.001	0.982	0.001	0.016
0.009	0.842	0.014	0.135
>CCACCAGGGGGC	3-CCACCAGGGGGC,BestGuess:CTCF/MA0139.2/Jaspar(0.946)	9.958724	-601.903770	0	T:1010.0(3.68%),B:707.3(0.99%),P:1e-261
0.114	0.839	0.046	0.001
0.002	0.996	0.001	0.001
0.866	0.012	0.001	0.121
0.031	0.710	0.258	0.001
0.103	0.611	0.051	0.235
0.799	0.001	0.100	0.100
0.002	0.001	0.996	0.001
0.416	0.001	0.582	0.001
0.033	0.001	0.662	0.304
0.005	0.001	0.993	0.001
0.016	0.001	0.852	0.131
0.105	0.835	0.006	0.054
>AYTTCCGSTT	4-AYTTCCGSTT,BestGuess:Elk1(ETS)/Hela-Elk1-ChIP-Seq(GSE31477)/Homer(0.974)	6.554284	-502.986696	0	T:5610.0(20.44%),B:9649.3(13.52%),P:1e-218
0.494	0.113	0.241	0.152
0.001	0.466	0.168	0.366
0.041	0.010	0.001	0.948
0.001	0.001	0.001	0.997
0.001	0.997	0.001	0.001
0.001	0.926	0.070	0.003
0.001	0.035	0.749	0.215
0.122	0.348	0.427	0.102
0.157	0.275	0.130	0.439
0.167	0.223	0.230	0.380
>CGCCMTAT	8-CGCCMTAT,BestGuess:YY2/MA0748.3/Jaspar(0.775)	3.374913	-239.773544	0	T:4045.0(14.74%),B:7500.6(10.51%),P:1e-104
0.001	0.997	0.001	0.001
0.001	0.001	0.997	0.001
0.001	0.997	0.001	0.001
0.001	0.997	0.001	0.001
0.544	0.454	0.001	0.001
0.001	0.001	0.001	0.997
0.997	0.001	0.001	0.001
0.001	0.001	0.001	0.997
>GCGGTATT	9-GCGGTATT,BestGuess:ZFP57/MA1583.2/Jaspar(0.684)	3.475600	-201.526240	0	T:14477.0(52.75%),B:33383.5(46.76%),P:1e-87
0.220	0.119	0.531	0.130
0.076	0.791	0.001	0.132
0.005	0.148	0.782	0.065
0.206	0.193	0.394	0.207
0.001	0.263	0.191	0.545
0.547	0.069	0.129	0.255
0.197	0.186	0.144	0.472
0.230	0.158	0.133	0.479
>AGGCCGTA	11-AGGCCGTA,BestGuess:ZNF711(Zf)/SHSY5Y-ZNF711-ChIP-Seq(GSE20673)/Homer(0.771)	4.666098	-175.452512	0	T:9557.0(34.83%),B:21161.2(29.64%),P:1e-76
0.788	0.105	0.040	0.067
0.061	0.122	0.718	0.099
0.105	0.073	0.697	0.125
0.044	0.845	0.055	0.056
0.064	0.841	0.070	0.025
0.047	0.029	0.714	0.210
0.073	0.123	0.138	0.666
0.737	0.082	0.049	0.132
>TGATGCAATA	8-TGATGCAATA,BestGuess:ATF4/MA0833.3/Jaspar(0.919)	6.524612	-150.614170	0	T:369.0(1.34%),B:338.7(0.47%),P:1e-65
0.089	0.239	0.130	0.542
0.117	0.125	0.701	0.057
0.680	0.126	0.063	0.131
0.092	0.221	0.202	0.485
0.102	0.219	0.577	0.102
0.146	0.660	0.035	0.159
0.676	0.044	0.182	0.098
0.666	0.138	0.074	0.122
0.132	0.193	0.105	0.570
0.474	0.240	0.187	0.099
>CTGATTGGTC	9-CTGATTGGTC,BestGuess:NFYA/MA0060.4/Jaspar(0.888)	6.955455	-121.291894	0	T:1022.0(3.72%),B:1590.5(2.23%),P:1e-52
0.056	0.803	0.081	0.060
0.050	0.133	0.072	0.745
0.077	0.093	0.819	0.011
0.860	0.047	0.038	0.055
0.072	0.035	0.071	0.822
0.078	0.105	0.016	0.801
0.108	0.063	0.808	0.021
0.047	0.044	0.813	0.096
0.152	0.069	0.059	0.720
0.066	0.810	0.057	0.067
>GCGCATGCGCAT	9-GCGCATGCGCAT,BestGuess:NRF1(NRF)/MCF7-NRF1-ChIP-Seq(Unpublished)/Homer(0.955)	9.020628	-119.903405	0	T:832.0(3.03%),B:1220.1(1.71%),P:1e-52
0.049	0.072	0.848	0.031
0.093	0.753	0.118	0.036
0.056	0.078	0.772	0.094
0.057	0.833	0.069	0.041
0.645	0.173	0.089	0.093
0.080	0.082	0.145	0.693
0.026	0.068	0.853	0.053
0.047	0.828	0.074	0.051
0.064	0.089	0.750	0.097
0.030	0.813	0.090	0.067
0.641	0.137	0.125	0.097
0.089	0.124	0.216	0.571
>GMGTCCAGGTTG	10-GMGTCCAGGTTG,BestGuess:Prdm15/MA1616.2/Jaspar(0.655)	13.507975	-114.706822	0	T:46.0(0.17%),B:4.5(0.01%),P:1e-49
0.001	0.001	0.997	0.001
0.367	0.436	0.196	0.001
0.001	0.001	0.997	0.001
0.196	0.001	0.001	0.802
0.001	0.997	0.001	0.001
0.001	0.997	0.001	0.001
0.655	0.001	0.343	0.001
0.001	0.001	0.802	0.196
0.001	0.001	0.997	0.001
0.001	0.001	0.001	0.997
0.001	0.001	0.001	0.997
0.001	0.001	0.997	0.001
>TCGCGMGATM	13-TCGCGMGATM,BestGuess:ZBTB33/MA0527.2/Jaspar(0.761)	7.583715	-97.125897	0	T:413.0(1.50%),B:505.8(0.71%),P:1e-42
0.001	0.060	0.001	0.938
0.287	0.685	0.027	0.001
0.001	0.151	0.599	0.249
0.157	0.705	0.137	0.001
0.043	0.001	0.950	0.006
0.368	0.460	0.126	0.045
0.001	0.015	0.804	0.180
0.765	0.038	0.122	0.075
0.001	0.001	0.140	0.858
0.460	0.427	0.085	0.028
>TAAGCGTCGTTG	11-TAAGCGTCGTTG,BestGuess:Foxn1/MA1684.1/Jaspar(0.613)	10.862580	-94.498812	0	T:33.0(0.12%),B:2.5(0.00%),P:1e-41
0.130	0.072	0.030	0.768
0.826	0.116	0.029	0.029
0.769	0.029	0.101	0.101
0.028	0.001	0.970	0.001
0.058	0.911	0.029	0.002
0.058	0.086	0.798	0.058
0.029	0.058	0.029	0.884
0.086	0.856	0.029	0.029
0.125	0.086	0.760	0.029
0.001	0.129	0.125	0.745
0.101	0.029	0.059	0.811
0.001	0.028	0.943	0.028
>GACCTCCGGGGC	12-GACCTCCGGGGC,BestGuess:ZNF135/MA1587.1/Jaspar(0.663)	13.438539	-93.976597	0	T:62.0(0.23%),B:15.4(0.02%),P:1e-40
0.001	0.001	0.997	0.001
0.997	0.001	0.001	0.001
0.001	0.932	0.001	0.066
0.009	0.989	0.001	0.001
0.001	0.001	0.001	0.997
0.001	0.997	0.001	0.001
0.001	0.997	0.001	0.001
0.195	0.001	0.803	0.001
0.001	0.001	0.799	0.199
0.001	0.001	0.997	0.001
0.001	0.001	0.997	0.001
0.001	0.997	0.001	0.001
>GGTCGTGACGTA	16-GGTCGTGACGTA,BestGuess:Npas4/MA1995.2/Jaspar(0.784)	11.312300	-78.111691	0	T:24.0(0.09%),B:1.6(0.00%),P:1e-33
0.001	0.011	0.947	0.041
0.193	0.035	0.719	0.053
0.067	0.036	0.130	0.767
0.012	0.950	0.024	0.014
0.001	0.059	0.917	0.023
0.076	0.053	0.041	0.830
0.035	0.012	0.941	0.012
0.818	0.099	0.042	0.041
0.001	0.798	0.114	0.087
0.012	0.024	0.952	0.012
0.035	0.129	0.144	0.692
0.680	0.033	0.059	0.228
>YGTAGTTH	17-YGTAGTTH,BestGuess:RUNX(Runt)/HPC7-Runx1-ChIP-Seq(GSE22178)/Homer(0.748)	6.212662	-70.416240	0	T:1361.0(4.96%),B:2560.2(3.59%),P:1e-30
0.001	0.450	0.001	0.548
0.122	0.001	0.858	0.019
0.001	0.001	0.210	0.788
0.630	0.127	0.242	0.001
0.221	0.047	0.640	0.092
0.001	0.283	0.001	0.715
0.192	0.248	0.001	0.559
0.339	0.328	0.001	0.332
>CGTRTRCCGA	14-CGTRTRCCGA,BestGuess:PB0044.1_Mtf1_1/Jaspar(0.622)	9.452359	-65.842575	0	T:39.0(0.14%),B:8.9(0.01%),P:1e-28
0.001	0.997	0.001	0.001
0.001	0.001	0.997	0.001
0.001	0.001	0.001	0.997
0.467	0.001	0.531	0.001
0.001	0.001	0.001	0.997
0.467	0.001	0.531	0.001
0.009	0.946	0.044	0.001
0.001	0.997	0.001	0.001
0.001	0.001	0.997	0.001
0.997	0.001	0.001	0.001
>TAGGATTAAC	17-TAGGATTAAC,BestGuess:PITX2/MA1547.2/Jaspar(0.792)	13.738424	-57.878280	0	T:19.0(0.07%),B:1.5(0.00%),P:1e-25
0.001	0.001	0.001	0.997
0.997	0.001	0.001	0.001
0.001	0.047	0.951	0.001
0.001	0.001	0.997	0.001
0.997	0.001	0.001	0.001
0.001	0.047	0.001	0.951
0.001	0.001	0.001	0.997
0.997	0.001	0.001	0.001
0.997	0.001	0.001	0.001
0.001	0.997	0.001	0.001
>CGCCAAMATA	18-CGCCAAMATA,BestGuess:PB0092.1_Zbtb7b_1/Jaspar(0.655)	10.931539	-56.932352	0	T:30.0(0.11%),B:5.1(0.01%),P:1e-24
0.001	0.997	0.001	0.001
0.001	0.363	0.635	0.001
0.032	0.966	0.001	0.001
0.068	0.892	0.001	0.039
0.459	0.292	0.013	0.237
0.798	0.133	0.068	0.001
0.388	0.428	0.001	0.182
0.986	0.001	0.012	0.001
0.001	0.001	0.001	0.997
0.997	0.001	0.001	0.001
>ACGCCGTCAG	19-ACGCCGTCAG,BestGuess:MF0002.1_bZIP_CREB/G-box-like_subclass/Jaspar(0.628)	12.190837	-51.463896	0	T:28.0(0.10%),B:5.8(0.01%),P:1e-22
0.997	0.001	0.001	0.001
0.001	0.997	0.001	0.001
0.001	0.001	0.997	0.001
0.001	0.805	0.001	0.193
0.001	0.997	0.001	0.001
0.001	0.001	0.997	0.001
0.001	0.001	0.001	0.997
0.001	0.997	0.001	0.001
0.997	0.001	0.001	0.001
0.001	0.001	0.997	0.001
>GTAAAGCCGG	20-GTAAAGCCGG,BestGuess:CDX4(Homeobox)/ZebrafishEmbryos-Cdx4.Myc-ChIP-Seq(GSE48254)/Homer(0.610)	11.497747	-51.463896	0	T:28.0(0.10%),B:5.5(0.01%),P:1e-22
0.001	0.001	0.997	0.001
0.001	0.001	0.001	0.997
0.997	0.001	0.001	0.001
0.997	0.001	0.001	0.001
0.997	0.001	0.001	0.001
0.001	0.001	0.884	0.114
0.001	0.844	0.001	0.154
0.001	0.997	0.001	0.001
0.001	0.001	0.997	0.001
0.001	0.001	0.997	0.001
>TTTTTTTTTTTT	20-TTTTTTTTTTTT,BestGuess:PB0182.1_Srf_2/Jaspar(0.896)	2.885990	-47.177349	0	T:13890.0(50.62%),B:34116.1(47.78%),P:1e-20
0.073	0.132	0.217	0.578
0.121	0.149	0.213	0.517
0.014	0.037	0.252	0.697
0.133	0.020	0.185	0.662
0.106	0.018	0.180	0.696
0.029	0.018	0.165	0.788
0.012	0.187	0.091	0.710
0.058	0.185	0.101	0.656
0.106	0.145	0.146	0.603
0.157	0.156	0.155	0.532
0.189	0.064	0.205	0.542
0.164	0.179	0.205	0.451
>AGGTCATGTG	23-AGGTCATGTG,BestGuess:USF1/MA0093.4/Jaspar(0.803)	10.296193	-43.526739	0	T:25.0(0.09%),B:5.7(0.01%),P:1e-18
0.700	0.100	0.100	0.100
0.100	0.100	0.700	0.100
0.100	0.100	0.700	0.100
0.100	0.100	0.100	0.700
0.100	0.700	0.100	0.100
0.700	0.100	0.100	0.100
0.100	0.100	0.100	0.700
0.100	0.100	0.700	0.100
0.100	0.100	0.100	0.700
0.100	0.100	0.700	0.100
>AATTCTGGGAAG	21-AATTCTGGGAAG,BestGuess:Stat5b/MA1625.2/Jaspar(0.844)	12.261491	-42.782074	0	T:28.0(0.10%),B:7.1(0.01%),P:1e-18
0.997	0.001	0.001	0.001
0.997	0.001	0.001	0.001
0.001	0.001	0.001	0.997
0.001	0.001	0.001	0.997
0.001	0.899	0.099	0.001
0.001	0.001	0.001	0.997
0.001	0.001	0.997	0.001
0.001	0.001	0.997	0.001
0.001	0.015	0.983	0.001
0.960	0.001	0.001	0.038
0.997	0.001	0.001	0.001
0.001	0.001	0.997	0.001
>TGAGCGGACT	24-TGAGCGGACT,BestGuess:HINFP(Zf)/K562-HINFP.eGFP-ChIP-Seq(Encode)/Homer(0.683)	10.296193	-41.862670	0	T:18.0(0.07%),B:2.9(0.00%),P:1e-18
0.100	0.100	0.100	0.700
0.100	0.100	0.700	0.100
0.700	0.100	0.100	0.100
0.100	0.100	0.700	0.100
0.100	0.700	0.100	0.100
0.100	0.100	0.700	0.100
0.100	0.100	0.700	0.100
0.700	0.100	0.100	0.100
0.100	0.700	0.100	0.100
0.100	0.100	0.100	0.700
>TGTTGTCGCG	25-TGTTGTCGCG,BestGuess:PB0120.1_Foxj1_2/Jaspar(0.660)	11.723133	-34.601407	0	T:23.0(0.08%),B:6.2(0.01%),P:1e-15
0.001	0.001	0.001	0.997
0.123	0.001	0.875	0.001
0.001	0.001	0.001	0.997
0.001	0.001	0.001	0.997
0.001	0.001	0.997	0.001
0.001	0.001	0.001	0.997
0.001	0.997	0.001	0.001
0.001	0.001	0.997	0.001
0.001	0.997	0.001	0.001
0.018	0.001	0.980	0.001
>ATACTTAGGGAA	22-ATACTTAGGGAA,BestGuess:PB0162.1_Sfpi1_2/Jaspar(0.607)	12.199741	-33.498838	0	T:21.0(0.08%),B:5.7(0.01%),P:1e-14
0.883	0.037	0.025	0.055
0.001	0.012	0.197	0.790
0.646	0.043	0.152	0.159
0.037	0.778	0.067	0.118
0.055	0.296	0.001	0.648
0.025	0.049	0.012	0.914
0.952	0.012	0.024	0.012
0.055	0.043	0.865	0.037
0.012	0.024	0.940	0.024
0.055	0.055	0.853	0.037
0.859	0.037	0.037	0.067
0.883	0.049	0.025	0.043
>AGTCACGTGGGT	23-AGTCACGTGGGT,BestGuess:TFEC/MA0871.3/Jaspar(0.824)	12.153165	-29.954781	0	T:26.0(0.09%),B:10.1(0.01%),P:1e-13
0.983	0.001	0.001	0.015
0.001	0.015	0.983	0.001
0.001	0.001	0.001	0.997
0.001	0.997	0.001	0.001
0.997	0.001	0.001	0.001
0.016	0.952	0.016	0.016
0.001	0.015	0.969	0.015
0.001	0.001	0.001	0.997
0.001	0.001	0.997	0.001
0.015	0.001	0.983	0.001
0.039	0.099	0.861	0.001
0.001	0.001	0.001	0.997
>CCCTGCAGACGT	24-CCCTGCAGACGT,BestGuess:Smad4(MAD)/ESC-SMAD4-ChIP-Seq(GSE29422)/Homer(0.649)	11.891951	-28.374054	0	T:11.0(0.04%),B:1.8(0.00%),P:1e-12
0.001	0.997	0.001	0.001
0.001	0.997	0.001	0.001
0.001	0.997	0.001	0.001
0.001	0.001	0.001	0.997
0.001	0.001	0.997	0.001
0.001	0.997	0.001	0.001
0.989	0.001	0.009	0.001
0.001	0.001	0.997	0.001
0.997	0.001	0.001	0.001
0.001	0.997	0.001	0.001
0.001	0.001	0.997	0.001
0.001	0.001	0.001	0.997
