>GCYMCGCCCM	1-GCYMCGCCCM	7.390008	-2328.659441	0	T:9831.0(28.45%),B:9051.0(14.24%),P:1e-1011	Tpos:99.6,Tstd:54.1,Bpos:91.5,Bstd:59.4,StrandBias:-0.0,Multiplicity:1.60
0.370	0.001	0.551	0.078
0.149	0.493	0.125	0.232
0.216	0.373	0.040	0.371
0.427	0.535	0.001	0.037
0.001	0.997	0.001	0.001
0.259	0.001	0.602	0.138
0.007	0.957	0.001	0.035
0.001	0.997	0.001	0.001
0.050	0.638	0.001	0.311
0.433	0.340	0.024	0.204
>ACTTCCGGTY	2-ACTTCCGGTY	7.665341	-1405.584367	0	T:3553.0(10.28%),B:2387.7(3.76%),P:1e-610	Tpos:100.6,Tstd:54.0,Bpos:96.2,Bstd:59.3,StrandBias:-0.0,Multiplicity:1.16
0.582	0.050	0.227	0.141
0.001	0.609	0.120	0.270
0.032	0.001	0.001	0.966
0.001	0.001	0.011	0.987
0.001	0.997	0.001	0.001
0.001	0.997	0.001	0.001
0.001	0.037	0.802	0.160
0.042	0.298	0.549	0.111
0.119	0.277	0.154	0.450
0.160	0.252	0.206	0.382
>NVNSAGATAA	3-NVNSAGATAA	5.767922	-1377.834532	0	T:4578.0(13.25%),B:3605.6(5.67%),P:1e-598	Tpos:99.4,Tstd:52.7,Bpos:98.4,Bstd:61.1,StrandBias:-0.0,Multiplicity:1.21
0.233	0.320	0.256	0.191
0.223	0.343	0.270	0.165
0.245	0.269	0.308	0.178
0.143	0.382	0.386	0.089
0.664	0.057	0.007	0.272
0.006	0.013	0.974	0.007
0.892	0.062	0.006	0.040
0.033	0.021	0.014	0.932
0.862	0.046	0.024	0.068
0.890	0.011	0.070	0.029
>CGRCCAATCR	4-CGRCCAATCR	6.745415	-1338.183348	0	T:3832.0(11.09%),B:2773.3(4.36%),P:1e-581	Tpos:100.1,Tstd:53.6,Bpos:86.5,Bstd:63.2,StrandBias:0.1,Multiplicity:1.28
0.110	0.498	0.187	0.205
0.316	0.139	0.500	0.045
0.360	0.192	0.338	0.110
0.001	0.997	0.001	0.001
0.004	0.994	0.001	0.001
0.838	0.001	0.024	0.137
0.930	0.001	0.025	0.044
0.008	0.125	0.001	0.866
0.109	0.516	0.284	0.091
0.415	0.113	0.425	0.048
>ATGASTCATC	5-ATGASTCATC	9.009393	-1221.463167	0	T:1588.0(4.59%),B:628.9(0.99%),P:1e-530	Tpos:103.1,Tstd:50.8,Bpos:99.5,Bstd:56.3,StrandBias:0.0,Multiplicity:1.08
0.491	0.208	0.300	0.001
0.001	0.001	0.001	0.997
0.001	0.001	0.997	0.001
0.997	0.001	0.001	0.001
0.001	0.483	0.515	0.001
0.001	0.001	0.001	0.997
0.001	0.997	0.001	0.001
0.997	0.001	0.001	0.001
0.001	0.276	0.252	0.471
0.204	0.469	0.141	0.186
>CGGAAACGRC	6-CGGAAACGRC	3.492580	-917.187556	0	T:5906.0(17.09%),B:6134.3(9.65%),P:1e-398	Tpos:99.0,Tstd:54.9,Bpos:98.9,Bstd:64.4,StrandBias:-0.1,Multiplicity:1.07
0.005	0.993	0.001	0.001
0.001	0.001	0.997	0.001
0.001	0.001	0.997	0.001
0.997	0.001	0.001	0.001
0.997	0.001	0.001	0.001
0.690	0.159	0.150	0.001
0.001	0.692	0.001	0.306
0.229	0.001	0.769	0.001
0.448	0.031	0.520	0.001
0.203	0.558	0.103	0.136
>AVVGCCGGAA	7-AVVGCCGGAA	4.661518	-914.260967	0	T:11654.0(33.72%),B:14980.8(23.57%),P:1e-397	Tpos:100.7,Tstd:55.9,Bpos:100.0,Bstd:64.6,StrandBias:0.0,Multiplicity:1.17
0.466	0.093	0.130	0.311
0.290	0.337	0.241	0.131
0.286	0.307	0.359	0.048
0.262	0.120	0.528	0.090
0.153	0.636	0.170	0.041
0.001	0.975	0.023	0.001
0.052	0.002	0.919	0.027
0.184	0.041	0.644	0.131
0.842	0.011	0.003	0.144
0.816	0.004	0.008	0.172
>AAAAGGGCGG	8-AAAAGGGCGG	4.743739	-912.644223	0	T:15932.0(46.10%),B:22216.5(34.96%),P:1e-396	Tpos:99.5,Tstd:56.0,Bpos:99.6,Bstd:62.0,StrandBias:-0.0,Multiplicity:1.29
0.627	0.128	0.130	0.115
0.717	0.092	0.077	0.114
0.700	0.094	0.102	0.104
0.685	0.092	0.121	0.102
0.107	0.085	0.696	0.112
0.106	0.100	0.717	0.077
0.100	0.114	0.697	0.089
0.094	0.752	0.089	0.065
0.093	0.106	0.727	0.074
0.102	0.120	0.682	0.096
>CACTAGGGGG	9-CACTAGGGGG	7.916837	-803.833174	0	T:1342.0(3.88%),B:661.7(1.04%),P:1e-349	Tpos:99.4,Tstd:48.9,Bpos:98.5,Bstd:55.1,StrandBias:-0.1,Multiplicity:1.02
0.001	0.997	0.001	0.001
0.970	0.001	0.020	0.009
0.019	0.941	0.029	0.011
0.091	0.202	0.021	0.686
0.997	0.001	0.001	0.001
0.001	0.001	0.997	0.001
0.208	0.001	0.790	0.001
0.001	0.001	0.725	0.273
0.001	0.001	0.997	0.001
0.011	0.017	0.971	0.001
>YGCGCATGCG	10-YGCGCATGCG	7.702439	-630.201678	0	T:1936.0(5.60%),B:1432.1(2.25%),P:1e-273	Tpos:101.5,Tstd:53.2,Bpos:91.7,Bstd:64.2,StrandBias:-0.1,Multiplicity:1.18
0.064	0.335	0.175	0.426
0.217	0.098	0.576	0.109
0.146	0.723	0.070	0.061
0.019	0.052	0.911	0.018
0.082	0.825	0.010	0.083
0.754	0.073	0.060	0.113
0.180	0.050	0.120	0.650
0.073	0.007	0.750	0.170
0.091	0.818	0.034	0.057
0.092	0.070	0.688	0.150
>TYACGTCACB	11-TYACGTCACB	7.240241	-618.757133	0	T:2399.0(6.94%),B:1997.3(3.14%),P:1e-268	Tpos:102.5,Tstd:53.3,Bpos:90.9,Bstd:65.5,StrandBias:-0.0,Multiplicity:1.12
0.155	0.214	0.190	0.442
0.023	0.403	0.206	0.368
0.575	0.125	0.274	0.026
0.001	0.997	0.001	0.001
0.001	0.025	0.973	0.001
0.001	0.018	0.001	0.980
0.011	0.662	0.326	0.001
0.939	0.001	0.001	0.059
0.001	0.509	0.225	0.265
0.135	0.286	0.244	0.335
>AAGATGGCGG	12-AAGATGGCGG	8.194923	-468.965332	0	T:1261.0(3.65%),B:862.4(1.36%),P:1e-203	Tpos:96.8,Tstd:55.2,Bpos:104.6,Bstd:61.3,StrandBias:0.0,Multiplicity:1.03
0.972	0.001	0.009	0.018
0.990	0.001	0.001	0.008
0.076	0.146	0.763	0.015
0.997	0.001	0.001	0.001
0.018	0.001	0.033	0.948
0.001	0.001	0.997	0.001
0.020	0.001	0.972	0.007
0.001	0.983	0.001	0.015
0.013	0.096	0.860	0.031
0.075	0.032	0.881	0.012
>ACTACAARTC	13-ACTACAARTC	5.822489	-385.482534	0	T:500.0(1.45%),B:196.1(0.31%),P:1e-167	Tpos:100.3,Tstd:53.8,Bpos:86.6,Bstd:72.3,StrandBias:-0.2,Multiplicity:1.08
0.997	0.001	0.001	0.001
0.001	0.997	0.001	0.001
0.001	0.001	0.001	0.997
0.997	0.001	0.001	0.001
0.001	0.997	0.001	0.001
0.997	0.001	0.001	0.001
0.629	0.109	0.097	0.165
0.386	0.002	0.401	0.211
0.001	0.001	0.001	0.997
0.001	0.997	0.001	0.001
>ATGACGCAAT	14-ATGACGCAAT	6.660619	-305.227929	0	T:449.0(1.30%),B:198.8(0.31%),P:1e-132	Tpos:93.2,Tstd:53.2,Bpos:101.7,Bstd:61.2,StrandBias:0.0,Multiplicity:1.02
0.452	0.272	0.217	0.059
0.133	0.118	0.151	0.598
0.081	0.092	0.764	0.063
0.535	0.208	0.124	0.133
0.048	0.628	0.115	0.209
0.089	0.108	0.635	0.168
0.135	0.683	0.081	0.101
0.695	0.087	0.076	0.142
0.581	0.212	0.128	0.079
0.168	0.241	0.130	0.461
>GATTGCGCAA	15-GATTGCGCAA	5.155712	-300.497275	0	T:2287.0(6.62%),B:2446.3(3.85%),P:1e-130	Tpos:101.7,Tstd:56.8,Bpos:99.9,Bstd:63.4,StrandBias:-0.0,Multiplicity:1.03
0.164	0.178	0.464	0.194
0.610	0.127	0.148	0.115
0.114	0.171	0.166	0.549
0.176	0.118	0.160	0.546
0.140	0.161	0.587	0.112
0.123	0.674	0.109	0.094
0.120	0.102	0.662	0.116
0.125	0.576	0.197	0.102
0.586	0.167	0.121	0.126
0.420	0.173	0.241	0.166
>HTCTCGCGAG	16-HTCTCGCGAG	5.205395	-246.139821	0	T:603.0(1.74%),B:389.6(0.61%),P:1e-106	Tpos:102.5,Tstd:55.3,Bpos:90.2,Bstd:70.2,StrandBias:0.1,Multiplicity:1.08
0.304	0.290	0.101	0.305
0.001	0.001	0.001	0.997
0.263	0.735	0.001	0.001
0.001	0.001	0.047	0.951
0.001	0.997	0.001	0.001
0.001	0.001	0.997	0.001
0.001	0.956	0.001	0.042
0.001	0.001	0.997	0.001
0.997	0.001	0.001	0.001
0.001	0.001	0.826	0.172
>ACCAATAGGA	17-ACCAATAGGA	9.781190	-195.734571	0	T:169.0(0.49%),B:42.5(0.07%),P:1e-85	Tpos:84.3,Tstd:59.4,Bpos:113.1,Bstd:58.9,StrandBias:0.0,Multiplicity:1.00
0.681	0.001	0.215	0.103
0.001	0.982	0.001	0.016
0.001	0.997	0.001	0.001
0.992	0.001	0.006	0.001
0.997	0.001	0.001	0.001
0.001	0.001	0.001	0.997
0.939	0.030	0.001	0.030
0.001	0.081	0.917	0.001
0.001	0.001	0.997	0.001
0.936	0.001	0.062	0.001
>TTCYNRGAAN	18-TTCYNRGAAN	7.168748	-173.086046	0	T:872.0(2.52%),B:805.1(1.27%),P:1e-75	Tpos:101.9,Tstd:54.3,Bpos:101.3,Bstd:60.8,StrandBias:-0.1,Multiplicity:1.05
0.086	0.093	0.112	0.709
0.127	0.122	0.001	0.750
0.089	0.749	0.066	0.096
0.051	0.494	0.041	0.414
0.228	0.291	0.309	0.172
0.372	0.069	0.516	0.043
0.100	0.120	0.643	0.137
0.643	0.115	0.102	0.140
0.681	0.123	0.111	0.085
0.232	0.266	0.260	0.241
>HTATCGGCTG	19-HTATCGGCTG	7.290193	-149.550073	0	T:2060.0(5.96%),B:2562.0(4.03%),P:1e-64	Tpos:100.8,Tstd:53.9,Bpos:101.2,Bstd:60.9,StrandBias:-0.0,Multiplicity:1.03
0.241	0.320	0.118	0.320
0.239	0.188	0.001	0.572
0.646	0.019	0.160	0.175
0.276	0.001	0.156	0.567
0.001	0.847	0.151	0.001
0.148	0.229	0.441	0.183
0.001	0.001	0.997	0.001
0.001	0.997	0.001	0.001
0.179	0.001	0.004	0.816
0.001	0.001	0.997	0.001
>GCTTTACGGC	20-GCTTTACGGC	10.413449	-145.428858	0	T:100.0(0.29%),B:18.2(0.03%),P:1e-63	Tpos:96.0,Tstd:53.7,Bpos:102.9,Bstd:50.4,StrandBias:0.1,Multiplicity:1.06
0.001	0.001	0.997	0.001
0.001	0.997	0.001	0.001
0.001	0.001	0.001	0.997
0.001	0.001	0.001	0.997
0.001	0.001	0.001	0.997
0.997	0.001	0.001	0.001
0.001	0.997	0.001	0.001
0.001	0.147	0.776	0.076
0.162	0.001	0.836	0.001
0.001	0.948	0.050	0.001
>TGCTATGGCG	21-TGCTATGGCG	8.050893	-106.667338	0	T:353.0(1.02%),B:271.8(0.43%),P:1e-46	Tpos:101.5,Tstd:54.1,Bpos:95.0,Bstd:61.4,StrandBias:0.2,Multiplicity:1.02
0.062	0.094	0.058	0.786
0.035	0.020	0.874	0.071
0.046	0.728	0.056	0.170
0.068	0.129	0.100	0.703
0.833	0.104	0.062	0.001
0.054	0.090	0.057	0.799
0.052	0.060	0.836	0.052
0.155	0.042	0.762	0.041
0.061	0.888	0.008	0.043
0.073	0.084	0.781	0.062
>CCTTTTCGCC	22-CCTTTTCGCC	9.748030	-63.058947	0	T:102.0(0.30%),B:50.8(0.08%),P:1e-27	Tpos:118.6,Tstd:68.0,Bpos:90.4,Bstd:67.2,StrandBias:0.7,Multiplicity:1.00
0.001	0.997	0.001	0.001
0.001	0.997	0.001	0.001
0.001	0.001	0.001	0.997
0.081	0.001	0.001	0.917
0.081	0.001	0.001	0.917
0.001	0.001	0.001	0.997
0.001	0.997	0.001	0.001
0.001	0.001	0.997	0.001
0.001	0.659	0.167	0.173
0.001	0.968	0.030	0.001
>ACGCCGTCGC	23-ACGCCGTCGC	11.825987	-61.388724	0	T:63.0(0.18%),B:20.5(0.03%),P:1e-26	Tpos:95.9,Tstd:60.6,Bpos:99.9,Bstd:50.7,StrandBias:-0.2,Multiplicity:1.00
0.997	0.001	0.001	0.001
0.001	0.997	0.001	0.001
0.001	0.001	0.997	0.001
0.001	0.997	0.001	0.001
0.001	0.997	0.001	0.001
0.134	0.001	0.864	0.001
0.001	0.001	0.001	0.997
0.001	0.997	0.001	0.001
0.001	0.001	0.997	0.001
0.001	0.997	0.001	0.001
>TAMCGTCGCS	24-TAMCGTCGCS	8.868029	-47.094623	0	T:49.0(0.14%),B:16.9(0.03%),P:1e-20	Tpos:86.6,Tstd:59.5,Bpos:89.4,Bstd:66.6,StrandBias:-0.8,Multiplicity:1.00
0.001	0.001	0.001	0.997
0.997	0.001	0.001	0.001
0.503	0.449	0.001	0.047
0.001	0.997	0.001	0.001
0.001	0.001	0.997	0.001
0.025	0.001	0.028	0.946
0.001	0.997	0.001	0.001
0.001	0.001	0.997	0.001
0.001	0.997	0.001	0.001
0.001	0.550	0.448	0.001
>CGKTTTTTTY	25-CGKTTTTTTY	10.551440	-40.611201	0	T:364.0(1.05%),B:410.6(0.65%),P:1e-17	Tpos:102.7,Tstd:55.2,Bpos:96.4,Bstd:59.5,StrandBias:0.0,Multiplicity:1.03
0.001	0.494	0.232	0.273
0.001	0.001	0.687	0.311
0.001	0.001	0.544	0.454
0.001	0.001	0.001	0.997
0.001	0.001	0.001	0.997
0.001	0.001	0.001	0.997
0.001	0.001	0.001	0.997
0.001	0.001	0.001	0.997
0.001	0.001	0.001	0.997
0.001	0.436	0.001	0.562
