>TCTTATCA	1-TCTTATCA	6.066558	-1679.794418	0	T:3100.0(8.97%),B:1679.3(2.64%),P:1e-729	Tpos:98.9,Tstd:52.8,Bpos:98.1,Bstd:61.8,StrandBias:-0.0,Multiplicity:1.11
0.052	0.037	0.230	0.681
0.001	0.652	0.346	0.001
0.001	0.001	0.001	0.997
0.001	0.001	0.001	0.997
0.997	0.001	0.001	0.001
0.001	0.001	0.001	0.997
0.001	0.997	0.001	0.001
0.490	0.001	0.197	0.312
>GGCGGGAC	2-GGCGGGAC	6.087613	-1172.277440	0	T:11252.0(32.56%),B:13561.3(21.34%),P:1e-509	Tpos:100.5,Tstd:55.4,Bpos:97.3,Bstd:62.4,StrandBias:-0.0,Multiplicity:1.28
0.001	0.001	0.997	0.001
0.001	0.001	0.997	0.001
0.001	0.613	0.001	0.385
0.001	0.001	0.997	0.001
0.001	0.001	0.644	0.354
0.123	0.001	0.875	0.001
0.775	0.001	0.223	0.001
0.001	0.997	0.001	0.001
>CYGATTGG	3-CYGATTGG	6.744767	-1133.015249	0	T:3407.0(9.86%),B:2522.5(3.97%),P:1e-492	Tpos:99.5,Tstd:54.5,Bpos:88.4,Bstd:63.6,StrandBias:-0.0,Multiplicity:1.23
0.055	0.542	0.197	0.206
0.020	0.496	0.107	0.377
0.031	0.248	0.582	0.139
0.951	0.018	0.025	0.006
0.014	0.027	0.058	0.901
0.171	0.030	0.001	0.798
0.099	0.014	0.862	0.025
0.053	0.057	0.868	0.022
>ATGAGTCA	4-ATGAGTCA	5.942802	-1115.809523	0	T:2386.0(6.90%),B:1425.8(2.24%),P:1e-484	Tpos:103.4,Tstd:52.4,Bpos:100.1,Bstd:56.8,StrandBias:0.0,Multiplicity:1.11
0.643	0.178	0.165	0.014
0.001	0.001	0.001	0.997
0.001	0.001	0.991	0.007
0.980	0.018	0.001	0.001
0.008	0.303	0.671	0.018
0.001	0.001	0.001	0.997
0.014	0.984	0.001	0.001
0.997	0.001	0.001	0.001
>SWGATAAR	5-SWGATAAR	4.503890	-1072.951369	0	T:5548.0(16.05%),B:5327.8(8.38%),P:1e-465	Tpos:98.7,Tstd:55.7,Bpos:98.7,Bstd:61.7,StrandBias:0.1,Multiplicity:1.14
0.001	0.444	0.554	0.001
0.521	0.096	0.001	0.382
0.001	0.001	0.997	0.001
0.997	0.001	0.001	0.001
0.001	0.001	0.001	0.997
0.963	0.001	0.001	0.035
0.761	0.001	0.237	0.001
0.449	0.084	0.308	0.159
>ACTTCCGG	6-ACTTCCGG	7.849408	-1070.944277	0	T:2514.0(7.27%),B:1598.6(2.52%),P:1e-465	Tpos:99.7,Tstd:54.7,Bpos:94.2,Bstd:60.4,StrandBias:0.0,Multiplicity:1.14
0.918	0.001	0.001	0.080
0.001	0.883	0.059	0.057
0.001	0.001	0.001	0.997
0.001	0.001	0.001	0.997
0.001	0.997	0.001	0.001
0.001	0.997	0.001	0.001
0.001	0.001	0.997	0.001
0.001	0.172	0.778	0.049
>MMCGCCTC	7-MMCGCCTC	5.185965	-1037.948925	0	T:11398.0(32.98%),B:14179.6(22.31%),P:1e-450	Tpos:101.2,Tstd:55.8,Bpos:96.5,Bstd:65.1,StrandBias:0.0,Multiplicity:1.14
0.509	0.489	0.001	0.001
0.487	0.511	0.001	0.001
0.001	0.997	0.001	0.001
0.001	0.001	0.997	0.001
0.001	0.997	0.001	0.001
0.001	0.997	0.001	0.001
0.001	0.048	0.001	0.950
0.232	0.766	0.001	0.001
>BTTCCGCC	8-BTTCCGCC	1.547715	-1024.866283	0	T:11645.0(33.70%),B:14617.6(23.00%),P:1e-445	Tpos:99.3,Tstd:55.9,Bpos:99.6,Bstd:66.4,StrandBias:-0.0,Multiplicity:1.27
0.088	0.357	0.227	0.329
0.001	0.001	0.001	0.997
0.001	0.001	0.001	0.997
0.137	0.711	0.151	0.001
0.001	0.997	0.001	0.001
0.001	0.001	0.997	0.001
0.001	0.463	0.298	0.239
0.118	0.595	0.001	0.286
>ATTGGTCG	9-ATTGGTCG	6.272009	-1020.301881	0	T:3220.0(9.32%),B:2441.3(3.84%),P:1e-443	Tpos:99.0,Tstd:56.4,Bpos:94.0,Bstd:63.6,StrandBias:0.0,Multiplicity:1.07
0.947	0.001	0.026	0.026
0.033	0.001	0.018	0.948
0.009	0.027	0.001	0.963
0.001	0.001	0.980	0.018
0.001	0.001	0.997	0.001
0.063	0.164	0.059	0.714
0.011	0.813	0.073	0.103
0.082	0.092	0.799	0.027
>CCCCCCCC	10-CCCCCCCC	8.124860	-943.089996	0	T:6554.0(18.96%),B:7004.2(11.02%),P:1e-409	Tpos:99.9,Tstd:55.3,Bpos:92.6,Bstd:62.4,StrandBias:-0.0,Multiplicity:1.40
0.053	0.627	0.217	0.103
0.004	0.777	0.078	0.141
0.025	0.777	0.119	0.079
0.044	0.643	0.312	0.001
0.043	0.592	0.336	0.029
0.046	0.752	0.157	0.045
0.025	0.849	0.086	0.040
0.011	0.987	0.001	0.001
>CGCCACCT	11-CGCCACCT	4.943422	-760.575888	0	T:5310.0(15.36%),B:5634.5(8.87%),P:1e-330	Tpos:100.9,Tstd:54.1,Bpos:97.6,Bstd:63.4,StrandBias:-0.0,Multiplicity:1.07
0.001	0.997	0.001	0.001
0.001	0.001	0.997	0.001
0.133	0.622	0.001	0.244
0.001	0.997	0.001	0.001
0.989	0.009	0.001	0.001
0.001	0.604	0.001	0.394
0.016	0.982	0.001	0.001
0.001	0.001	0.001	0.997
>CWMCGCCC	12-CWMCGCCC	6.362327	-506.382015	0	T:8884.0(25.71%),B:11929.3(18.77%),P:1e-219	Tpos:100.1,Tstd:55.3,Bpos:97.5,Bstd:62.7,StrandBias:-0.0,Multiplicity:1.16
0.114	0.566	0.001	0.319
0.447	0.001	0.065	0.487
0.524	0.474	0.001	0.001
0.109	0.828	0.001	0.062
0.001	0.001	0.751	0.247
0.001	0.714	0.203	0.082
0.001	0.718	0.053	0.228
0.063	0.659	0.020	0.258
>CCGCCATT	13-CCGCCATT	6.480408	-438.185262	0	T:4331.0(12.53%),B:5034.1(7.92%),P:1e-190	Tpos:98.3,Tstd:56.7,Bpos:99.8,Bstd:62.4,StrandBias:-0.0,Multiplicity:1.05
0.052	0.907	0.040	0.001
0.069	0.862	0.031	0.038
0.001	0.023	0.975	0.001
0.015	0.953	0.031	0.001
0.001	0.970	0.016	0.013
0.838	0.081	0.031	0.050
0.001	0.001	0.039	0.959
0.039	0.047	0.169	0.745
>TGACGTVA	14-TGACGTVA	7.409479	-412.198836	0	T:1678.0(4.86%),B:1421.7(2.24%),P:1e-179	Tpos:101.1,Tstd:56.3,Bpos:92.1,Bstd:63.4,StrandBias:-0.0,Multiplicity:1.03
0.001	0.001	0.001	0.997
0.001	0.018	0.980	0.001
0.813	0.001	0.001	0.185
0.079	0.628	0.001	0.292
0.001	0.001	0.997	0.001
0.001	0.395	0.001	0.603
0.351	0.340	0.227	0.082
0.786	0.212	0.001	0.001
>CGMWTGMG	15-CGMWTGMG	4.627947	-401.926041	0	T:7323.0(21.19%),B:9823.5(15.46%),P:1e-174	Tpos:102.1,Tstd:55.8,Bpos:97.5,Bstd:67.1,StrandBias:0.1,Multiplicity:1.14
0.143	0.732	0.047	0.078
0.154	0.093	0.708	0.045
0.355	0.411	0.178	0.056
0.440	0.095	0.067	0.398
0.324	0.120	0.016	0.540
0.222	0.174	0.536	0.068
0.417	0.405	0.026	0.152
0.045	0.155	0.662	0.138
>TGACGVVA	16-TGACGVVA	4.944531	-401.619448	0	T:8467.0(24.50%),B:11692.3(18.40%),P:1e-174	Tpos:101.6,Tstd:55.2,Bpos:99.8,Bstd:66.4,StrandBias:0.0,Multiplicity:1.12
0.001	0.029	0.001	0.969
0.191	0.110	0.532	0.167
0.666	0.133	0.001	0.200
0.001	0.964	0.001	0.034
0.001	0.001	0.997	0.001
0.253	0.375	0.259	0.112
0.236	0.352	0.374	0.038
0.509	0.186	0.150	0.155
>ACGTAACG	17-ACGTAACG	6.191309	-395.839006	0	T:2075.0(6.00%),B:1954.5(3.08%),P:1e-171	Tpos:102.7,Tstd:53.2,Bpos:91.0,Bstd:67.3,StrandBias:-0.0,Multiplicity:1.19
0.688	0.145	0.106	0.061
0.070	0.826	0.072	0.032
0.038	0.041	0.901	0.020
0.035	0.076	0.054	0.835
0.456	0.202	0.290	0.052
0.898	0.029	0.052	0.021
0.074	0.777	0.097	0.052
0.072	0.177	0.618	0.133
>GCGCATGC	18-GCGCATGC	10.817352	-362.084482	0	T:751.0(2.17%),B:434.5(0.68%),P:1e-157	Tpos:99.9,Tstd:53.4,Bpos:86.3,Bstd:58.1,StrandBias:0.1,Multiplicity:1.06
0.152	0.001	0.846	0.001
0.082	0.916	0.001	0.001
0.001	0.001	0.997	0.001
0.001	0.997	0.001	0.001
0.997	0.001	0.001	0.001
0.001	0.001	0.001	0.997
0.001	0.001	0.997	0.001
0.001	0.997	0.001	0.001
>CAYTTCCY	19-CAYTTCCY	7.744743	-323.852472	0	T:2865.0(8.29%),B:3209.8(5.05%),P:1e-140	Tpos:99.7,Tstd:55.9,Bpos:97.5,Bstd:57.7,StrandBias:-0.0,Multiplicity:1.06
0.001	0.871	0.013	0.115
0.889	0.001	0.109	0.001
0.179	0.347	0.098	0.375
0.001	0.001	0.128	0.870
0.087	0.001	0.001	0.911
0.080	0.854	0.065	0.001
0.069	0.929	0.001	0.001
0.001	0.472	0.193	0.334
>TATCGCGA	20-TATCGCGA	7.892481	-239.589937	0	T:569.0(1.65%),B:360.1(0.57%),P:1e-104	Tpos:104.2,Tstd:54.4,Bpos:89.9,Bstd:70.5,StrandBias:0.1,Multiplicity:1.06
0.001	0.001	0.001	0.997
0.729	0.269	0.001	0.001
0.336	0.001	0.151	0.512
0.001	0.715	0.218	0.066
0.040	0.001	0.872	0.087
0.001	0.790	0.001	0.208
0.059	0.001	0.849	0.091
0.997	0.001	0.001	0.001
>TAACCACA	21-TAACCACA	6.276772	-230.993738	0	T:3427.0(9.92%),B:4348.2(6.84%),P:1e-100	Tpos:99.4,Tstd:55.3,Bpos:97.6,Bstd:57.4,StrandBias:0.0,Multiplicity:1.07
0.271	0.077	0.001	0.651
0.761	0.001	0.237	0.001
0.911	0.001	0.087	0.001
0.001	0.997	0.001	0.001
0.001	0.849	0.001	0.149
0.707	0.001	0.146	0.146
0.001	0.997	0.001	0.001
0.740	0.001	0.113	0.146
>GTAATCCG	22-GTAATCCG	4.358489	-203.230255	0	T:4262.0(12.33%),B:5779.6(9.09%),P:1e-88	Tpos:98.9,Tstd:56.1,Bpos:99.7,Bstd:64.3,StrandBias:-0.1,Multiplicity:1.06
0.121	0.168	0.583	0.128
0.117	0.164	0.076	0.643
0.644	0.128	0.092	0.136
0.624	0.099	0.148	0.129
0.142	0.117	0.149	0.592
0.145	0.569	0.178	0.108
0.093	0.674	0.127	0.106
0.109	0.134	0.670	0.087
>CCACTAGG	23-CCACTAGG	7.060929	-200.377881	0	T:1422.0(4.11%),B:1483.1(2.33%),P:1e-87	Tpos:99.7,Tstd:52.8,Bpos:98.3,Bstd:60.7,StrandBias:-0.0,Multiplicity:1.02
0.001	0.997	0.001	0.001
0.001	0.873	0.125	0.001
0.894	0.001	0.104	0.001
0.001	0.997	0.001	0.001
0.172	0.001	0.001	0.826
0.997	0.001	0.001	0.001
0.001	0.001	0.997	0.001
0.195	0.001	0.803	0.001
>AACAACCG	24-AACAACCG	6.703019	-128.282720	0	T:1302.0(3.77%),B:1504.5(2.37%),P:1e-55	Tpos:101.5,Tstd:55.8,Bpos:105.4,Bstd:64.0,StrandBias:0.0,Multiplicity:1.02
0.898	0.022	0.035	0.045
0.647	0.109	0.097	0.147
0.001	0.997	0.001	0.001
0.838	0.092	0.001	0.069
0.838	0.001	0.108	0.053
0.001	0.950	0.001	0.048
0.001	0.997	0.001	0.001
0.062	0.109	0.828	0.001
>TTTTTTTT	25-TTTTTTTT	-5.515347	-116.828455	0	T:19687.0(56.96%),B:33642.8(52.93%),P:1e-50	Tpos:100.7,Tstd:56.7,Bpos:100.5,Bstd:62.6,StrandBias:0.0,Multiplicity:2.06
0.001	0.068	0.220	0.711
0.001	0.001	0.001	0.997
0.001	0.001	0.001	0.997
0.001	0.001	0.001	0.997
0.001	0.001	0.001	0.997
0.001	0.001	0.001	0.997
0.001	0.001	0.001	0.997
0.001	0.084	0.001	0.914
