>WRGCCCCGCCCC	1-WRGCCCCGCCCC	9.128958	-2414.089894	0	T:6520.0(18.87%),B:4688.6(7.38%),P:1e-1048	Tpos:98.9,Tstd:53.6,Bpos:88.6,Bstd:59.2,StrandBias:-0.0,Multiplicity:1.52
0.408	0.170	0.111	0.310
0.323	0.146	0.439	0.093
0.159	0.007	0.767	0.067
0.031	0.768	0.051	0.150
0.048	0.748	0.001	0.203
0.176	0.814	0.001	0.009
0.001	0.978	0.008	0.013
0.184	0.001	0.733	0.082
0.001	0.997	0.001	0.001
0.001	0.997	0.001	0.001
0.006	0.776	0.001	0.217
0.285	0.522	0.008	0.185
>BSYSATTGGYYV	2-BSYSATTGGYYV	7.643887	-1413.548110	0	T:3287.0(9.51%),B:2092.5(3.29%),P:1e-613	Tpos:99.4,Tstd:53.1,Bpos:83.3,Bstd:63.0,StrandBias:-0.0,Multiplicity:1.24
0.102	0.289	0.289	0.321
0.080	0.425	0.296	0.199
0.001	0.414	0.178	0.407
0.001	0.364	0.476	0.160
0.896	0.001	0.102	0.001
0.001	0.012	0.001	0.986
0.001	0.001	0.001	0.997
0.001	0.001	0.997	0.001
0.001	0.001	0.997	0.001
0.141	0.426	0.115	0.318
0.045	0.434	0.171	0.351
0.261	0.244	0.353	0.141
>GCCMCCTGGTGG	3-GCCMCCTGGTGG	9.281746	-1348.203947	0	T:1804.0(5.22%),B:735.8(1.16%),P:1e-585	Tpos:97.8,Tstd:48.2,Bpos:95.0,Bstd:56.4,StrandBias:0.1,Multiplicity:1.03
0.058	0.001	0.889	0.052
0.024	0.974	0.001	0.001
0.001	0.997	0.001	0.001
0.417	0.567	0.015	0.001
0.001	0.645	0.001	0.353
0.001	0.997	0.001	0.001
0.024	0.018	0.001	0.957
0.323	0.057	0.543	0.077
0.001	0.246	0.752	0.001
0.054	0.035	0.027	0.884
0.001	0.001	0.997	0.001
0.001	0.001	0.968	0.030
>AGGGGGCGGRGC	4-AGGGGGCGGRGC	7.148342	-1330.314753	0	T:14201.0(41.09%),B:17899.3(28.16%),P:1e-577	Tpos:100.0,Tstd:54.4,Bpos:95.8,Bstd:59.8,StrandBias:-0.0,Multiplicity:1.36
0.508	0.144	0.192	0.156
0.236	0.015	0.748	0.001
0.178	0.032	0.599	0.191
0.242	0.007	0.750	0.001
0.035	0.002	0.962	0.001
0.012	0.008	0.979	0.001
0.247	0.653	0.012	0.088
0.001	0.002	0.996	0.001
0.001	0.001	0.958	0.040
0.428	0.007	0.436	0.128
0.279	0.129	0.564	0.028
0.137	0.547	0.102	0.214
>BYYTTATCTSNV	5-BYYTTATCTSNV	6.005372	-1201.811215	0	T:3248.0(9.40%),B:2263.0(3.56%),P:1e-521	Tpos:100.9,Tstd:52.1,Bpos:100.0,Bstd:62.0,StrandBias:-0.0,Multiplicity:1.09
0.110	0.313	0.293	0.285
0.148	0.375	0.212	0.265
0.033	0.406	0.164	0.397
0.001	0.001	0.001	0.997
0.033	0.001	0.001	0.965
0.997	0.001	0.001	0.001
0.001	0.001	0.001	0.997
0.001	0.997	0.001	0.001
0.001	0.001	0.070	0.928
0.145	0.319	0.350	0.186
0.184	0.297	0.237	0.282
0.238	0.282	0.330	0.150
>NGVTGASTCAYD	6-NGVTGASTCAYD	4.540923	-1168.637628	0	T:1843.0(5.33%),B:870.3(1.37%),P:1e-507	Tpos:103.5,Tstd:50.9,Bpos:100.1,Bstd:55.4,StrandBias:0.0,Multiplicity:1.09
0.203	0.235	0.229	0.333
0.227	0.180	0.418	0.175
0.321	0.371	0.307	0.001
0.001	0.001	0.001	0.997
0.001	0.001	0.997	0.001
0.997	0.001	0.001	0.001
0.001	0.474	0.524	0.001
0.001	0.001	0.001	0.997
0.001	0.997	0.001	0.001
0.997	0.001	0.001	0.001
0.001	0.384	0.191	0.424
0.294	0.110	0.310	0.287
>VBCACTTCCGSB	7-VBCACTTCCGSB	7.636325	-1050.338400	0	T:3354.0(9.70%),B:2561.7(4.03%),P:1e-456	Tpos:100.4,Tstd:53.2,Bpos:95.6,Bstd:59.5,StrandBias:0.1,Multiplicity:1.13
0.202	0.326	0.349	0.123
0.137	0.346	0.215	0.301
0.069	0.743	0.098	0.090
0.756	0.012	0.122	0.110
0.036	0.859	0.041	0.064
0.045	0.024	0.047	0.884
0.044	0.011	0.017	0.928
0.031	0.919	0.011	0.039
0.018	0.910	0.050	0.022
0.024	0.084	0.792	0.100
0.063	0.374	0.476	0.087
0.100	0.294	0.255	0.351
>GCGCATGCGCRS	8-GCGCATGCGCRS	9.712250	-729.261722	0	T:1810.0(5.24%),B:1184.3(1.86%),P:1e-316	Tpos:101.1,Tstd:52.4,Bpos:88.4,Bstd:60.1,StrandBias:0.1,Multiplicity:1.16
0.113	0.044	0.841	0.002
0.048	0.879	0.071	0.002
0.039	0.018	0.926	0.017
0.016	0.950	0.014	0.020
0.711	0.217	0.026	0.046
0.061	0.068	0.120	0.751
0.001	0.001	0.997	0.001
0.022	0.947	0.011	0.020
0.003	0.066	0.829	0.102
0.004	0.842	0.031	0.123
0.396	0.226	0.284	0.094
0.180	0.304	0.372	0.144
>VCAAGATGGCGG	9-VCAAGATGGCGG	9.114177	-542.727149	0	T:1307.0(3.78%),B:836.8(1.32%),P:1e-235	Tpos:98.8,Tstd:54.7,Bpos:102.1,Bstd:60.8,StrandBias:0.1,Multiplicity:1.02
0.283	0.349	0.209	0.159
0.194	0.517	0.225	0.064
0.947	0.001	0.051	0.001
0.873	0.026	0.054	0.047
0.196	0.184	0.608	0.012
0.986	0.012	0.001	0.001
0.072	0.001	0.145	0.782
0.001	0.001	0.997	0.001
0.001	0.001	0.997	0.001
0.030	0.897	0.001	0.072
0.097	0.063	0.751	0.089
0.091	0.123	0.740	0.046
>VAAACCGGAAGB	10-VAAACCGGAAGB	7.431971	-527.593583	0	T:1952.0(5.65%),B:1585.5(2.49%),P:1e-229	Tpos:102.1,Tstd:54.4,Bpos:99.1,Bstd:60.3,StrandBias:-0.0,Multiplicity:1.04
0.229	0.282	0.339	0.150
0.459	0.207	0.241	0.093
0.852	0.048	0.057	0.043
0.721	0.133	0.089	0.057
0.097	0.829	0.052	0.022
0.044	0.850	0.079	0.027
0.061	0.057	0.859	0.023
0.127	0.024	0.785	0.064
0.908	0.021	0.010	0.061
0.919	0.042	0.029	0.010
0.240	0.252	0.441	0.068
0.106	0.353	0.278	0.263
>CCTTATCAGCMS	11-CCTTATCAGCMS	8.609918	-494.229215	0	T:690.0(2.00%),B:290.1(0.46%),P:1e-214	Tpos:102.4,Tstd:52.5,Bpos:98.5,Bstd:60.5,StrandBias:0.1,Multiplicity:1.04
0.100	0.431	0.259	0.210
0.076	0.527	0.181	0.216
0.001	0.001	0.007	0.991
0.012	0.005	0.001	0.982
0.997	0.001	0.001	0.001
0.001	0.001	0.068	0.930
0.079	0.893	0.003	0.025
0.949	0.002	0.048	0.001
0.042	0.075	0.828	0.055
0.129	0.418	0.243	0.210
0.250	0.380	0.213	0.157
0.184	0.283	0.378	0.155
>ACTACAAHTCCC	12-ACTACAAHTCCC	10.620900	-440.536943	0	T:607.0(1.76%),B:252.5(0.40%),P:1e-191	Tpos:103.1,Tstd:54.2,Bpos:83.7,Bstd:67.3,StrandBias:-0.2,Multiplicity:1.19
0.994	0.004	0.001	0.001
0.001	0.994	0.004	0.001
0.024	0.070	0.005	0.901
0.730	0.124	0.060	0.086
0.001	0.965	0.029	0.005
0.742	0.061	0.114	0.083
0.543	0.082	0.202	0.173
0.279	0.290	0.126	0.306
0.072	0.176	0.043	0.709
0.001	0.964	0.001	0.034
0.001	0.938	0.001	0.060
0.005	0.942	0.001	0.052
>YCTACGTCACSS	13-YCTACGTCACSS	0.880461	-385.723774	0	T:2707.0(7.83%),B:2830.3(4.45%),P:1e-167	Tpos:102.2,Tstd:53.7,Bpos:95.6,Bstd:65.3,StrandBias:-0.1,Multiplicity:1.04
0.175	0.415	0.101	0.308
0.117	0.471	0.199	0.213
0.001	0.001	0.001	0.997
0.997	0.001	0.001	0.001
0.001	0.997	0.001	0.001
0.001	0.001	0.997	0.001
0.001	0.001	0.001	0.997
0.054	0.899	0.001	0.046
0.997	0.001	0.001	0.001
0.001	0.997	0.001	0.001
0.089	0.445	0.419	0.047
0.136	0.397	0.385	0.082
>YGGTGACGTCAC	14-YGGTGACGTCAC	1.098043	-288.512616	0	T:984.0(2.85%),B:764.3(1.20%),P:1e-125	Tpos:99.6,Tstd:52.2,Bpos:88.7,Bstd:63.2,StrandBias:0.0,Multiplicity:1.08
0.091	0.452	0.107	0.350
0.229	0.208	0.405	0.158
0.172	0.001	0.826	0.001
0.001	0.001	0.001	0.997
0.001	0.001	0.997	0.001
0.997	0.001	0.001	0.001
0.001	0.997	0.001	0.001
0.001	0.001	0.997	0.001
0.001	0.001	0.001	0.997
0.001	0.997	0.001	0.001
0.997	0.001	0.001	0.001
0.001	0.906	0.001	0.092
>GTCACGTGACCR	15-GTCACGTGACCR	10.140606	-220.408880	0	T:344.0(1.00%),B:160.1(0.25%),P:1e-95	Tpos:98.3,Tstd:53.3,Bpos:86.8,Bstd:50.6,StrandBias:0.0,Multiplicity:1.07
0.054	0.109	0.826	0.011
0.024	0.104	0.061	0.811
0.002	0.931	0.053	0.014
0.947	0.012	0.015	0.026
0.008	0.914	0.042	0.036
0.058	0.038	0.899	0.005
0.029	0.014	0.018	0.939
0.001	0.042	0.950	0.007
0.819	0.026	0.133	0.022
0.017	0.848	0.076	0.059
0.061	0.759	0.097	0.083
0.359	0.199	0.309	0.134
>AMTCTCGCGAGA	16-AMTCTCGCGAGA	9.051246	-207.870609	0	T:336.0(0.97%),B:161.8(0.25%),P:1e-90	Tpos:102.7,Tstd:53.7,Bpos:90.1,Bstd:70.1,StrandBias:0.2,Multiplicity:1.10
0.501	0.135	0.309	0.055
0.382	0.290	0.200	0.128
0.017	0.072	0.045	0.866
0.144	0.828	0.023	0.005
0.007	0.063	0.011	0.919
0.006	0.970	0.020	0.004
0.011	0.027	0.945	0.017
0.031	0.930	0.014	0.025
0.006	0.022	0.966	0.006
0.881	0.024	0.084	0.011
0.016	0.004	0.918	0.062
0.894	0.028	0.068	0.010
>DGATAAGATAAR	17-DGATAAGATAAR	5.745071	-199.604378	0	T:3601.0(10.42%),B:4746.5(7.47%),P:1e-86	Tpos:100.5,Tstd:54.0,Bpos:99.2,Bstd:59.5,StrandBias:-0.1,Multiplicity:1.12
0.343	0.152	0.274	0.230
0.128	0.108	0.674	0.090
0.624	0.139	0.133	0.104
0.182	0.118	0.198	0.502
0.614	0.133	0.166	0.087
0.718	0.062	0.121	0.099
0.129	0.099	0.700	0.072
0.660	0.115	0.138	0.087
0.191	0.124	0.184	0.501
0.635	0.121	0.152	0.092
0.668	0.100	0.133	0.099
0.252	0.200	0.360	0.188
>CGCTTTACGGCC	18-CGCTTTACGGCC	11.931823	-157.099588	0	T:45.0(0.13%),B:1.8(0.00%),P:1e-68	Tpos:95.5,Tstd:50.1,Bpos:0.0,Bstd:0.0,StrandBias:0.3,Multiplicity:1.13
0.029	0.819	0.029	0.123
0.001	0.001	0.997	0.001
0.001	0.997	0.001	0.001
0.001	0.001	0.001	0.997
0.001	0.001	0.001	0.997
0.001	0.001	0.001	0.997
0.997	0.001	0.001	0.001
0.001	0.997	0.001	0.001
0.001	0.001	0.997	0.001
0.001	0.001	0.997	0.001
0.001	0.997	0.001	0.001
0.322	0.491	0.132	0.055
>CGCATGCGTATT	19-CGCATGCGTATT	11.142354	-143.614683	0	T:71.0(0.21%),B:7.1(0.01%),P:1e-62	Tpos:99.7,Tstd:50.0,Bpos:94.2,Bstd:44.5,StrandBias:0.4,Multiplicity:1.06
0.017	0.857	0.017	0.109
0.017	0.033	0.900	0.050
0.001	0.950	0.033	0.016
0.698	0.039	0.077	0.186
0.050	0.076	0.052	0.822
0.017	0.043	0.897	0.043
0.001	0.949	0.001	0.049
0.017	0.033	0.770	0.180
0.001	0.099	0.049	0.851
0.724	0.050	0.100	0.126
0.017	0.205	0.111	0.667
0.016	0.049	0.001	0.934
>CGGATGACGCAA	20-CGGATGACGCAA	8.463612	-112.740579	0	T:372.0(1.08%),B:285.9(0.45%),P:1e-48	Tpos:105.0,Tstd:56.9,Bpos:101.4,Bstd:65.5,StrandBias:-0.2,Multiplicity:1.04
0.100	0.700	0.100	0.100
0.100	0.100	0.700	0.100
0.100	0.100	0.700	0.100
0.700	0.100	0.100	0.100
0.100	0.100	0.100	0.700
0.100	0.100	0.700	0.100
0.700	0.100	0.100	0.100
0.100	0.700	0.100	0.100
0.100	0.100	0.700	0.100
0.100	0.700	0.100	0.100
0.700	0.100	0.100	0.100
0.700	0.100	0.100	0.100
>AGCCGGCCTTCC	21-AGCCGGCCTTCC	12.054055	-67.491656	0	T:32.0(0.09%),B:3.5(0.01%),P:1e-29	Tpos:127.5,Tstd:40.6,Bpos:64.2,Bstd:17.9,StrandBias:0.4,Multiplicity:1.00
0.997	0.001	0.001	0.001
0.011	0.001	0.987	0.001
0.001	0.997	0.001	0.001
0.001	0.997	0.001	0.001
0.001	0.001	0.997	0.001
0.001	0.001	0.987	0.011
0.001	0.997	0.001	0.001
0.001	0.997	0.001	0.001
0.029	0.001	0.001	0.969
0.001	0.001	0.001	0.997
0.001	0.997	0.001	0.001
0.001	0.997	0.001	0.001
>GAAAYATCGAGT	22-GAAAYATCGAGT	11.326856	-60.135233	0	T:26.0(0.08%),B:2.4(0.00%),P:1e-26	Tpos:84.0,Tstd:51.8,Bpos:115.3,Bstd:36.3,StrandBias:0.1,Multiplicity:1.35
0.001	0.054	0.944	0.001
0.997	0.001	0.001	0.001
0.997	0.001	0.001	0.001
0.827	0.171	0.001	0.001
0.001	0.370	0.172	0.457
0.997	0.001	0.001	0.001
0.003	0.003	0.275	0.719
0.001	0.997	0.001	0.001
0.001	0.001	0.997	0.001
0.997	0.001	0.001	0.001
0.001	0.047	0.951	0.001
0.001	0.001	0.054	0.944
>GAGGCACGCAAC	23-GAGGCACGCAAC	14.230599	-51.312292	0	T:36.0(0.10%),B:7.3(0.01%),P:1e-22	Tpos:95.8,Tstd:55.9,Bpos:141.0,Bstd:20.7,StrandBias:1.9,Multiplicity:1.00
0.001	0.305	0.693	0.001
0.997	0.001	0.001	0.001
0.001	0.001	0.997	0.001
0.001	0.001	0.997	0.001
0.001	0.997	0.001	0.001
0.997	0.001	0.001	0.001
0.001	0.997	0.001	0.001
0.001	0.001	0.997	0.001
0.001	0.997	0.001	0.001
0.997	0.001	0.001	0.001
0.693	0.001	0.305	0.001
0.001	0.997	0.001	0.001
>YGGCGACTCTGC	24-YGGCGACTCTGC	13.331101	-44.019873	0	T:50.0(0.14%),B:18.2(0.03%),P:1e-19	Tpos:116.6,Tstd:51.3,Bpos:105.6,Bstd:40.6,StrandBias:0.6,Multiplicity:1.00
0.001	0.523	0.001	0.475
0.001	0.001	0.997	0.001
0.001	0.001	0.997	0.001
0.001	0.997	0.001	0.001
0.001	0.001	0.997	0.001
0.997	0.001	0.001	0.001
0.001	0.997	0.001	0.001
0.001	0.001	0.001	0.997
0.001	0.997	0.001	0.001
0.110	0.202	0.001	0.687
0.001	0.001	0.893	0.105
0.001	0.997	0.001	0.001
>CCCTGCAGACGT	25-CCCTGCAGACGT	16.592431	-13.264305	0	T:7.0(0.02%),B:1.6(0.00%),P:1e-5	Tpos:69.3,Tstd:40.8,Bpos:144.0,Bstd:0.0,StrandBias:-3.2,Multiplicity:4.43
0.001	0.997	0.001	0.001
0.001	0.997	0.001	0.001
0.001	0.997	0.001	0.001
0.001	0.001	0.001	0.997
0.001	0.001	0.997	0.001
0.001	0.997	0.001	0.001
0.997	0.001	0.001	0.001
0.001	0.001	0.997	0.001
0.997	0.001	0.001	0.001
0.001	0.990	0.001	0.008
0.001	0.001	0.997	0.001
0.001	0.001	0.001	0.997
