>GCYMCGCCCM	1-GCYMCGCCCM	7.390008	-2328.659441	0	T:9831.0(28.45%),B:9051.0(14.24%),P:1e-1011	Tpos:99.6,Tstd:54.1,Bpos:91.5,Bstd:59.4,StrandBias:-0.0,Multiplicity:1.60
0.370	0.001	0.551	0.078
0.149	0.493	0.125	0.232
0.216	0.373	0.040	0.371
0.427	0.535	0.001	0.037
0.001	0.997	0.001	0.001
0.259	0.001	0.602	0.138
0.007	0.957	0.001	0.035
0.001	0.997	0.001	0.001
0.050	0.638	0.001	0.311
0.433	0.340	0.024	0.204
>ACTTCCGGTY	2-ACTTCCGGTY	7.665341	-1405.584367	0	T:3553.0(10.28%),B:2387.7(3.76%),P:1e-610	Tpos:100.6,Tstd:54.0,Bpos:96.2,Bstd:59.3,StrandBias:-0.0,Multiplicity:1.16
0.582	0.050	0.227	0.141
0.001	0.609	0.120	0.270
0.032	0.001	0.001	0.966
0.001	0.001	0.011	0.987
0.001	0.997	0.001	0.001
0.001	0.997	0.001	0.001
0.001	0.037	0.802	0.160
0.042	0.298	0.549	0.111
0.119	0.277	0.154	0.450
0.160	0.252	0.206	0.382
>NVNSAGATAA	3-NVNSAGATAA	5.767922	-1377.834532	0	T:4578.0(13.25%),B:3605.6(5.67%),P:1e-598	Tpos:99.4,Tstd:52.7,Bpos:98.4,Bstd:61.1,StrandBias:-0.0,Multiplicity:1.21
0.233	0.320	0.256	0.191
0.223	0.343	0.270	0.165
0.245	0.269	0.308	0.178
0.143	0.382	0.386	0.089
0.664	0.057	0.007	0.272
0.006	0.013	0.974	0.007
0.892	0.062	0.006	0.040
0.033	0.021	0.014	0.932
0.862	0.046	0.024	0.068
0.890	0.011	0.070	0.029
>CGRCCAATCR	4-CGRCCAATCR	6.745415	-1338.183348	0	T:3832.0(11.09%),B:2773.3(4.36%),P:1e-581	Tpos:100.1,Tstd:53.6,Bpos:86.5,Bstd:63.2,StrandBias:0.1,Multiplicity:1.28
0.110	0.498	0.187	0.205
0.316	0.139	0.500	0.045
0.360	0.192	0.338	0.110
0.001	0.997	0.001	0.001
0.004	0.994	0.001	0.001
0.838	0.001	0.024	0.137
0.930	0.001	0.025	0.044
0.008	0.125	0.001	0.866
0.109	0.516	0.284	0.091
0.415	0.113	0.425	0.048
>ATGASTCATC	5-ATGASTCATC	9.009393	-1221.463167	0	T:1588.0(4.59%),B:628.9(0.99%),P:1e-530	Tpos:103.1,Tstd:50.8,Bpos:99.5,Bstd:56.3,StrandBias:0.0,Multiplicity:1.08
0.491	0.208	0.300	0.001
0.001	0.001	0.001	0.997
0.001	0.001	0.997	0.001
0.997	0.001	0.001	0.001
0.001	0.483	0.515	0.001
0.001	0.001	0.001	0.997
0.001	0.997	0.001	0.001
0.997	0.001	0.001	0.001
0.001	0.276	0.252	0.471
0.204	0.469	0.141	0.186
>CGGAAACGRC	6-CGGAAACGRC	3.492580	-917.187556	0	T:5906.0(17.09%),B:6134.3(9.65%),P:1e-398	Tpos:99.0,Tstd:54.9,Bpos:98.9,Bstd:64.4,StrandBias:-0.1,Multiplicity:1.07
0.005	0.993	0.001	0.001
0.001	0.001	0.997	0.001
0.001	0.001	0.997	0.001
0.997	0.001	0.001	0.001
0.997	0.001	0.001	0.001
0.690	0.159	0.150	0.001
0.001	0.692	0.001	0.306
0.229	0.001	0.769	0.001
0.448	0.031	0.520	0.001
0.203	0.558	0.103	0.136
>AVVGCCGGAA	7-AVVGCCGGAA	4.661518	-914.260967	0	T:11654.0(33.72%),B:14980.8(23.57%),P:1e-397	Tpos:100.7,Tstd:55.9,Bpos:100.0,Bstd:64.6,StrandBias:0.0,Multiplicity:1.17
0.466	0.093	0.130	0.311
0.290	0.337	0.241	0.131
0.286	0.307	0.359	0.048
0.262	0.120	0.528	0.090
0.153	0.636	0.170	0.041
0.001	0.975	0.023	0.001
0.052	0.002	0.919	0.027
0.184	0.041	0.644	0.131
0.842	0.011	0.003	0.144
0.816	0.004	0.008	0.172
>AAAAGGGCGG	8-AAAAGGGCGG	4.743739	-912.644223	0	T:15932.0(46.10%),B:22216.5(34.96%),P:1e-396	Tpos:99.5,Tstd:56.0,Bpos:99.6,Bstd:62.0,StrandBias:-0.0,Multiplicity:1.29
0.627	0.128	0.130	0.115
0.717	0.092	0.077	0.114
0.700	0.094	0.102	0.104
0.685	0.092	0.121	0.102
0.107	0.085	0.696	0.112
0.106	0.100	0.717	0.077
0.100	0.114	0.697	0.089
0.094	0.752	0.089	0.065
0.093	0.106	0.727	0.074
0.102	0.120	0.682	0.096
>CACTAGGGGG	9-CACTAGGGGG	7.916837	-803.833174	0	T:1342.0(3.88%),B:661.7(1.04%),P:1e-349	Tpos:99.4,Tstd:48.9,Bpos:98.5,Bstd:55.1,StrandBias:-0.1,Multiplicity:1.02
0.001	0.997	0.001	0.001
0.970	0.001	0.020	0.009
0.019	0.941	0.029	0.011
0.091	0.202	0.021	0.686
0.997	0.001	0.001	0.001
0.001	0.001	0.997	0.001
0.208	0.001	0.790	0.001
0.001	0.001	0.725	0.273
0.001	0.001	0.997	0.001
0.011	0.017	0.971	0.001
>YGCGCATGCG	10-YGCGCATGCG	7.702439	-630.201678	0	T:1936.0(5.60%),B:1432.1(2.25%),P:1e-273	Tpos:101.5,Tstd:53.2,Bpos:91.7,Bstd:64.2,StrandBias:-0.1,Multiplicity:1.18
0.064	0.335	0.175	0.426
0.217	0.098	0.576	0.109
0.146	0.723	0.070	0.061
0.019	0.052	0.911	0.018
0.082	0.825	0.010	0.083
0.754	0.073	0.060	0.113
0.180	0.050	0.120	0.650
0.073	0.007	0.750	0.170
0.091	0.818	0.034	0.057
0.092	0.070	0.688	0.150
>TYACGTCACB	11-TYACGTCACB	7.240241	-618.757133	0	T:2399.0(6.94%),B:1997.3(3.14%),P:1e-268	Tpos:102.5,Tstd:53.3,Bpos:90.9,Bstd:65.5,StrandBias:-0.0,Multiplicity:1.12
0.155	0.214	0.190	0.442
0.023	0.403	0.206	0.368
0.575	0.125	0.274	0.026
0.001	0.997	0.001	0.001
0.001	0.025	0.973	0.001
0.001	0.018	0.001	0.980
0.011	0.662	0.326	0.001
0.939	0.001	0.001	0.059
0.001	0.509	0.225	0.265
0.135	0.286	0.244	0.335
>AAGATGGCGG	12-AAGATGGCGG	8.194923	-468.965332	0	T:1261.0(3.65%),B:862.4(1.36%),P:1e-203	Tpos:96.8,Tstd:55.2,Bpos:104.6,Bstd:61.3,StrandBias:0.0,Multiplicity:1.03
0.972	0.001	0.009	0.018
0.990	0.001	0.001	0.008
0.076	0.146	0.763	0.015
0.997	0.001	0.001	0.001
0.018	0.001	0.033	0.948
0.001	0.001	0.997	0.001
0.020	0.001	0.972	0.007
0.001	0.983	0.001	0.015
0.013	0.096	0.860	0.031
0.075	0.032	0.881	0.012
>ACTACAARTC	13-ACTACAARTC	5.822489	-385.482534	0	T:500.0(1.45%),B:196.1(0.31%),P:1e-167	Tpos:100.3,Tstd:53.8,Bpos:86.6,Bstd:72.3,StrandBias:-0.2,Multiplicity:1.08
0.997	0.001	0.001	0.001
0.001	0.997	0.001	0.001
0.001	0.001	0.001	0.997
0.997	0.001	0.001	0.001
0.001	0.997	0.001	0.001
0.997	0.001	0.001	0.001
0.629	0.109	0.097	0.165
0.386	0.002	0.401	0.211
0.001	0.001	0.001	0.997
0.001	0.997	0.001	0.001
>ATGACGCAAT	14-ATGACGCAAT	6.660619	-305.227929	0	T:449.0(1.30%),B:198.8(0.31%),P:1e-132	Tpos:93.2,Tstd:53.2,Bpos:101.7,Bstd:61.2,StrandBias:0.0,Multiplicity:1.02
0.452	0.272	0.217	0.059
0.133	0.118	0.151	0.598
0.081	0.092	0.764	0.063
0.535	0.208	0.124	0.133
0.048	0.628	0.115	0.209
0.089	0.108	0.635	0.168
0.135	0.683	0.081	0.101
0.695	0.087	0.076	0.142
0.581	0.212	0.128	0.079
0.168	0.241	0.130	0.461
>GATTGCGCAA	15-GATTGCGCAA	5.155712	-300.497275	0	T:2287.0(6.62%),B:2446.3(3.85%),P:1e-130	Tpos:101.7,Tstd:56.8,Bpos:99.9,Bstd:63.4,StrandBias:-0.0,Multiplicity:1.03
0.164	0.178	0.464	0.194
0.610	0.127	0.148	0.115
0.114	0.171	0.166	0.549
0.176	0.118	0.160	0.546
0.140	0.161	0.587	0.112
0.123	0.674	0.109	0.094
0.120	0.102	0.662	0.116
0.125	0.576	0.197	0.102
0.586	0.167	0.121	0.126
0.420	0.173	0.241	0.166
>HTCTCGCGAG	16-HTCTCGCGAG	5.205395	-246.139821	0	T:603.0(1.74%),B:389.6(0.61%),P:1e-106	Tpos:102.5,Tstd:55.3,Bpos:90.2,Bstd:70.2,StrandBias:0.1,Multiplicity:1.08
0.304	0.290	0.101	0.305
0.001	0.001	0.001	0.997
0.263	0.735	0.001	0.001
0.001	0.001	0.047	0.951
0.001	0.997	0.001	0.001
0.001	0.001	0.997	0.001
0.001	0.956	0.001	0.042
0.001	0.001	0.997	0.001
0.997	0.001	0.001	0.001
0.001	0.001	0.826	0.172
>ACCAATAGGA	17-ACCAATAGGA	9.781190	-195.734571	0	T:169.0(0.49%),B:42.5(0.07%),P:1e-85	Tpos:84.3,Tstd:59.4,Bpos:113.1,Bstd:58.9,StrandBias:0.0,Multiplicity:1.00
0.681	0.001	0.215	0.103
0.001	0.982	0.001	0.016
0.001	0.997	0.001	0.001
0.992	0.001	0.006	0.001
0.997	0.001	0.001	0.001
0.001	0.001	0.001	0.997
0.939	0.030	0.001	0.030
0.001	0.081	0.917	0.001
0.001	0.001	0.997	0.001
0.936	0.001	0.062	0.001
>TTCYNRGAAN	18-TTCYNRGAAN	7.168748	-173.086046	0	T:872.0(2.52%),B:805.1(1.27%),P:1e-75	Tpos:101.9,Tstd:54.3,Bpos:101.3,Bstd:60.8,StrandBias:-0.1,Multiplicity:1.05
0.086	0.093	0.112	0.709
0.127	0.122	0.001	0.750
0.089	0.749	0.066	0.096
0.051	0.494	0.041	0.414
0.228	0.291	0.309	0.172
0.372	0.069	0.516	0.043
0.100	0.120	0.643	0.137
0.643	0.115	0.102	0.140
0.681	0.123	0.111	0.085
0.232	0.266	0.260	0.241
>HTATCGGCTG	19-HTATCGGCTG	7.290193	-149.550073	0	T:2060.0(5.96%),B:2562.0(4.03%),P:1e-64	Tpos:100.8,Tstd:53.9,Bpos:101.2,Bstd:60.9,StrandBias:-0.0,Multiplicity:1.03
0.241	0.320	0.118	0.320
0.239	0.188	0.001	0.572
0.646	0.019	0.160	0.175
0.276	0.001	0.156	0.567
0.001	0.847	0.151	0.001
0.148	0.229	0.441	0.183
0.001	0.001	0.997	0.001
0.001	0.997	0.001	0.001
0.179	0.001	0.004	0.816
0.001	0.001	0.997	0.001
>GCTTTACGGC	20-GCTTTACGGC	10.413449	-145.428858	0	T:100.0(0.29%),B:18.2(0.03%),P:1e-63	Tpos:96.0,Tstd:53.7,Bpos:102.9,Bstd:50.4,StrandBias:0.1,Multiplicity:1.06
0.001	0.001	0.997	0.001
0.001	0.997	0.001	0.001
0.001	0.001	0.001	0.997
0.001	0.001	0.001	0.997
0.001	0.001	0.001	0.997
0.997	0.001	0.001	0.001
0.001	0.997	0.001	0.001
0.001	0.147	0.776	0.076
0.162	0.001	0.836	0.001
0.001	0.948	0.050	0.001
>TGCTATGGCG	21-TGCTATGGCG	8.050893	-106.667338	0	T:353.0(1.02%),B:271.8(0.43%),P:1e-46	Tpos:101.5,Tstd:54.1,Bpos:95.0,Bstd:61.4,StrandBias:0.2,Multiplicity:1.02
0.062	0.094	0.058	0.786
0.035	0.020	0.874	0.071
0.046	0.728	0.056	0.170
0.068	0.129	0.100	0.703
0.833	0.104	0.062	0.001
0.054	0.090	0.057	0.799
0.052	0.060	0.836	0.052
0.155	0.042	0.762	0.041
0.061	0.888	0.008	0.043
0.073	0.084	0.781	0.062
>CCTTTTCGCC	22-CCTTTTCGCC	9.748030	-63.058947	0	T:102.0(0.30%),B:50.8(0.08%),P:1e-27	Tpos:118.6,Tstd:68.0,Bpos:90.4,Bstd:67.2,StrandBias:0.7,Multiplicity:1.00
0.001	0.997	0.001	0.001
0.001	0.997	0.001	0.001
0.001	0.001	0.001	0.997
0.081	0.001	0.001	0.917
0.081	0.001	0.001	0.917
0.001	0.001	0.001	0.997
0.001	0.997	0.001	0.001
0.001	0.001	0.997	0.001
0.001	0.659	0.167	0.173
0.001	0.968	0.030	0.001
>ACGCCGTCGC	23-ACGCCGTCGC	11.825987	-61.388724	0	T:63.0(0.18%),B:20.5(0.03%),P:1e-26	Tpos:95.9,Tstd:60.6,Bpos:99.9,Bstd:50.7,StrandBias:-0.2,Multiplicity:1.00
0.997	0.001	0.001	0.001
0.001	0.997	0.001	0.001
0.001	0.001	0.997	0.001
0.001	0.997	0.001	0.001
0.001	0.997	0.001	0.001
0.134	0.001	0.864	0.001
0.001	0.001	0.001	0.997
0.001	0.997	0.001	0.001
0.001	0.001	0.997	0.001
0.001	0.997	0.001	0.001
>TAMCGTCGCS	24-TAMCGTCGCS	8.868029	-47.094623	0	T:49.0(0.14%),B:16.9(0.03%),P:1e-20	Tpos:86.6,Tstd:59.5,Bpos:89.4,Bstd:66.6,StrandBias:-0.8,Multiplicity:1.00
0.001	0.001	0.001	0.997
0.997	0.001	0.001	0.001
0.503	0.449	0.001	0.047
0.001	0.997	0.001	0.001
0.001	0.001	0.997	0.001
0.025	0.001	0.028	0.946
0.001	0.997	0.001	0.001
0.001	0.001	0.997	0.001
0.001	0.997	0.001	0.001
0.001	0.550	0.448	0.001
>CGKTTTTTTY	25-CGKTTTTTTY	10.551440	-40.611201	0	T:364.0(1.05%),B:410.6(0.65%),P:1e-17	Tpos:102.7,Tstd:55.2,Bpos:96.4,Bstd:59.5,StrandBias:0.0,Multiplicity:1.03
0.001	0.494	0.232	0.273
0.001	0.001	0.687	0.311
0.001	0.001	0.544	0.454
0.001	0.001	0.001	0.997
0.001	0.001	0.001	0.997
0.001	0.001	0.001	0.997
0.001	0.001	0.001	0.997
0.001	0.001	0.001	0.997
0.001	0.001	0.001	0.997
0.001	0.436	0.001	0.562
>WRGCCCCGCCCC	1-WRGCCCCGCCCC	9.128958	-2414.089894	0	T:6520.0(18.87%),B:4688.6(7.38%),P:1e-1048	Tpos:98.9,Tstd:53.6,Bpos:88.6,Bstd:59.2,StrandBias:-0.0,Multiplicity:1.52
0.408	0.170	0.111	0.310
0.323	0.146	0.439	0.093
0.159	0.007	0.767	0.067
0.031	0.768	0.051	0.150
0.048	0.748	0.001	0.203
0.176	0.814	0.001	0.009
0.001	0.978	0.008	0.013
0.184	0.001	0.733	0.082
0.001	0.997	0.001	0.001
0.001	0.997	0.001	0.001
0.006	0.776	0.001	0.217
0.285	0.522	0.008	0.185
>BSYSATTGGYYV	2-BSYSATTGGYYV	7.643887	-1413.548110	0	T:3287.0(9.51%),B:2092.5(3.29%),P:1e-613	Tpos:99.4,Tstd:53.1,Bpos:83.3,Bstd:63.0,StrandBias:-0.0,Multiplicity:1.24
0.102	0.289	0.289	0.321
0.080	0.425	0.296	0.199
0.001	0.414	0.178	0.407
0.001	0.364	0.476	0.160
0.896	0.001	0.102	0.001
0.001	0.012	0.001	0.986
0.001	0.001	0.001	0.997
0.001	0.001	0.997	0.001
0.001	0.001	0.997	0.001
0.141	0.426	0.115	0.318
0.045	0.434	0.171	0.351
0.261	0.244	0.353	0.141
>GCCMCCTGGTGG	3-GCCMCCTGGTGG	9.281746	-1348.203947	0	T:1804.0(5.22%),B:735.8(1.16%),P:1e-585	Tpos:97.8,Tstd:48.2,Bpos:95.0,Bstd:56.4,StrandBias:0.1,Multiplicity:1.03
0.058	0.001	0.889	0.052
0.024	0.974	0.001	0.001
0.001	0.997	0.001	0.001
0.417	0.567	0.015	0.001
0.001	0.645	0.001	0.353
0.001	0.997	0.001	0.001
0.024	0.018	0.001	0.957
0.323	0.057	0.543	0.077
0.001	0.246	0.752	0.001
0.054	0.035	0.027	0.884
0.001	0.001	0.997	0.001
0.001	0.001	0.968	0.030
>AGGGGGCGGRGC	4-AGGGGGCGGRGC	7.148342	-1330.314753	0	T:14201.0(41.09%),B:17899.3(28.16%),P:1e-577	Tpos:100.0,Tstd:54.4,Bpos:95.8,Bstd:59.8,StrandBias:-0.0,Multiplicity:1.36
0.508	0.144	0.192	0.156
0.236	0.015	0.748	0.001
0.178	0.032	0.599	0.191
0.242	0.007	0.750	0.001
0.035	0.002	0.962	0.001
0.012	0.008	0.979	0.001
0.247	0.653	0.012	0.088
0.001	0.002	0.996	0.001
0.001	0.001	0.958	0.040
0.428	0.007	0.436	0.128
0.279	0.129	0.564	0.028
0.137	0.547	0.102	0.214
>BYYTTATCTSNV	5-BYYTTATCTSNV	6.005372	-1201.811215	0	T:3248.0(9.40%),B:2263.0(3.56%),P:1e-521	Tpos:100.9,Tstd:52.1,Bpos:100.0,Bstd:62.0,StrandBias:-0.0,Multiplicity:1.09
0.110	0.313	0.293	0.285
0.148	0.375	0.212	0.265
0.033	0.406	0.164	0.397
0.001	0.001	0.001	0.997
0.033	0.001	0.001	0.965
0.997	0.001	0.001	0.001
0.001	0.001	0.001	0.997
0.001	0.997	0.001	0.001
0.001	0.001	0.070	0.928
0.145	0.319	0.350	0.186
0.184	0.297	0.237	0.282
0.238	0.282	0.330	0.150
>NGVTGASTCAYD	6-NGVTGASTCAYD	4.540923	-1168.637628	0	T:1843.0(5.33%),B:870.3(1.37%),P:1e-507	Tpos:103.5,Tstd:50.9,Bpos:100.1,Bstd:55.4,StrandBias:0.0,Multiplicity:1.09
0.203	0.235	0.229	0.333
0.227	0.180	0.418	0.175
0.321	0.371	0.307	0.001
0.001	0.001	0.001	0.997
0.001	0.001	0.997	0.001
0.997	0.001	0.001	0.001
0.001	0.474	0.524	0.001
0.001	0.001	0.001	0.997
0.001	0.997	0.001	0.001
0.997	0.001	0.001	0.001
0.001	0.384	0.191	0.424
0.294	0.110	0.310	0.287
>VBCACTTCCGSB	7-VBCACTTCCGSB	7.636325	-1050.338400	0	T:3354.0(9.70%),B:2561.7(4.03%),P:1e-456	Tpos:100.4,Tstd:53.2,Bpos:95.6,Bstd:59.5,StrandBias:0.1,Multiplicity:1.13
0.202	0.326	0.349	0.123
0.137	0.346	0.215	0.301
0.069	0.743	0.098	0.090
0.756	0.012	0.122	0.110
0.036	0.859	0.041	0.064
0.045	0.024	0.047	0.884
0.044	0.011	0.017	0.928
0.031	0.919	0.011	0.039
0.018	0.910	0.050	0.022
0.024	0.084	0.792	0.100
0.063	0.374	0.476	0.087
0.100	0.294	0.255	0.351
>GCGCATGCGCRS	8-GCGCATGCGCRS	9.712250	-729.261722	0	T:1810.0(5.24%),B:1184.3(1.86%),P:1e-316	Tpos:101.1,Tstd:52.4,Bpos:88.4,Bstd:60.1,StrandBias:0.1,Multiplicity:1.16
0.113	0.044	0.841	0.002
0.048	0.879	0.071	0.002
0.039	0.018	0.926	0.017
0.016	0.950	0.014	0.020
0.711	0.217	0.026	0.046
0.061	0.068	0.120	0.751
0.001	0.001	0.997	0.001
0.022	0.947	0.011	0.020
0.003	0.066	0.829	0.102
0.004	0.842	0.031	0.123
0.396	0.226	0.284	0.094
0.180	0.304	0.372	0.144
>VCAAGATGGCGG	9-VCAAGATGGCGG	9.114177	-542.727149	0	T:1307.0(3.78%),B:836.8(1.32%),P:1e-235	Tpos:98.8,Tstd:54.7,Bpos:102.1,Bstd:60.8,StrandBias:0.1,Multiplicity:1.02
0.283	0.349	0.209	0.159
0.194	0.517	0.225	0.064
0.947	0.001	0.051	0.001
0.873	0.026	0.054	0.047
0.196	0.184	0.608	0.012
0.986	0.012	0.001	0.001
0.072	0.001	0.145	0.782
0.001	0.001	0.997	0.001
0.001	0.001	0.997	0.001
0.030	0.897	0.001	0.072
0.097	0.063	0.751	0.089
0.091	0.123	0.740	0.046
>VAAACCGGAAGB	10-VAAACCGGAAGB	7.431971	-527.593583	0	T:1952.0(5.65%),B:1585.5(2.49%),P:1e-229	Tpos:102.1,Tstd:54.4,Bpos:99.1,Bstd:60.3,StrandBias:-0.0,Multiplicity:1.04
0.229	0.282	0.339	0.150
0.459	0.207	0.241	0.093
0.852	0.048	0.057	0.043
0.721	0.133	0.089	0.057
0.097	0.829	0.052	0.022
0.044	0.850	0.079	0.027
0.061	0.057	0.859	0.023
0.127	0.024	0.785	0.064
0.908	0.021	0.010	0.061
0.919	0.042	0.029	0.010
0.240	0.252	0.441	0.068
0.106	0.353	0.278	0.263
>CCTTATCAGCMS	11-CCTTATCAGCMS	8.609918	-494.229215	0	T:690.0(2.00%),B:290.1(0.46%),P:1e-214	Tpos:102.4,Tstd:52.5,Bpos:98.5,Bstd:60.5,StrandBias:0.1,Multiplicity:1.04
0.100	0.431	0.259	0.210
0.076	0.527	0.181	0.216
0.001	0.001	0.007	0.991
0.012	0.005	0.001	0.982
0.997	0.001	0.001	0.001
0.001	0.001	0.068	0.930
0.079	0.893	0.003	0.025
0.949	0.002	0.048	0.001
0.042	0.075	0.828	0.055
0.129	0.418	0.243	0.210
0.250	0.380	0.213	0.157
0.184	0.283	0.378	0.155
>ACTACAAHTCCC	12-ACTACAAHTCCC	10.620900	-440.536943	0	T:607.0(1.76%),B:252.5(0.40%),P:1e-191	Tpos:103.1,Tstd:54.2,Bpos:83.7,Bstd:67.3,StrandBias:-0.2,Multiplicity:1.19
0.994	0.004	0.001	0.001
0.001	0.994	0.004	0.001
0.024	0.070	0.005	0.901
0.730	0.124	0.060	0.086
0.001	0.965	0.029	0.005
0.742	0.061	0.114	0.083
0.543	0.082	0.202	0.173
0.279	0.290	0.126	0.306
0.072	0.176	0.043	0.709
0.001	0.964	0.001	0.034
0.001	0.938	0.001	0.060
0.005	0.942	0.001	0.052
>YCTACGTCACSS	13-YCTACGTCACSS	0.880461	-385.723774	0	T:2707.0(7.83%),B:2830.3(4.45%),P:1e-167	Tpos:102.2,Tstd:53.7,Bpos:95.6,Bstd:65.3,StrandBias:-0.1,Multiplicity:1.04
0.175	0.415	0.101	0.308
0.117	0.471	0.199	0.213
0.001	0.001	0.001	0.997
0.997	0.001	0.001	0.001
0.001	0.997	0.001	0.001
0.001	0.001	0.997	0.001
0.001	0.001	0.001	0.997
0.054	0.899	0.001	0.046
0.997	0.001	0.001	0.001
0.001	0.997	0.001	0.001
0.089	0.445	0.419	0.047
0.136	0.397	0.385	0.082
>YGGTGACGTCAC	14-YGGTGACGTCAC	1.098043	-288.512616	0	T:984.0(2.85%),B:764.3(1.20%),P:1e-125	Tpos:99.6,Tstd:52.2,Bpos:88.7,Bstd:63.2,StrandBias:0.0,Multiplicity:1.08
0.091	0.452	0.107	0.350
0.229	0.208	0.405	0.158
0.172	0.001	0.826	0.001
0.001	0.001	0.001	0.997
0.001	0.001	0.997	0.001
0.997	0.001	0.001	0.001
0.001	0.997	0.001	0.001
0.001	0.001	0.997	0.001
0.001	0.001	0.001	0.997
0.001	0.997	0.001	0.001
0.997	0.001	0.001	0.001
0.001	0.906	0.001	0.092
>GTCACGTGACCR	15-GTCACGTGACCR	10.140606	-220.408880	0	T:344.0(1.00%),B:160.1(0.25%),P:1e-95	Tpos:98.3,Tstd:53.3,Bpos:86.8,Bstd:50.6,StrandBias:0.0,Multiplicity:1.07
0.054	0.109	0.826	0.011
0.024	0.104	0.061	0.811
0.002	0.931	0.053	0.014
0.947	0.012	0.015	0.026
0.008	0.914	0.042	0.036
0.058	0.038	0.899	0.005
0.029	0.014	0.018	0.939
0.001	0.042	0.950	0.007
0.819	0.026	0.133	0.022
0.017	0.848	0.076	0.059
0.061	0.759	0.097	0.083
0.359	0.199	0.309	0.134
>AMTCTCGCGAGA	16-AMTCTCGCGAGA	9.051246	-207.870609	0	T:336.0(0.97%),B:161.8(0.25%),P:1e-90	Tpos:102.7,Tstd:53.7,Bpos:90.1,Bstd:70.1,StrandBias:0.2,Multiplicity:1.10
0.501	0.135	0.309	0.055
0.382	0.290	0.200	0.128
0.017	0.072	0.045	0.866
0.144	0.828	0.023	0.005
0.007	0.063	0.011	0.919
0.006	0.970	0.020	0.004
0.011	0.027	0.945	0.017
0.031	0.930	0.014	0.025
0.006	0.022	0.966	0.006
0.881	0.024	0.084	0.011
0.016	0.004	0.918	0.062
0.894	0.028	0.068	0.010
>DGATAAGATAAR	17-DGATAAGATAAR	5.745071	-199.604378	0	T:3601.0(10.42%),B:4746.5(7.47%),P:1e-86	Tpos:100.5,Tstd:54.0,Bpos:99.2,Bstd:59.5,StrandBias:-0.1,Multiplicity:1.12
0.343	0.152	0.274	0.230
0.128	0.108	0.674	0.090
0.624	0.139	0.133	0.104
0.182	0.118	0.198	0.502
0.614	0.133	0.166	0.087
0.718	0.062	0.121	0.099
0.129	0.099	0.700	0.072
0.660	0.115	0.138	0.087
0.191	0.124	0.184	0.501
0.635	0.121	0.152	0.092
0.668	0.100	0.133	0.099
0.252	0.200	0.360	0.188
>CGCTTTACGGCC	18-CGCTTTACGGCC	11.931823	-157.099588	0	T:45.0(0.13%),B:1.8(0.00%),P:1e-68	Tpos:95.5,Tstd:50.1,Bpos:0.0,Bstd:0.0,StrandBias:0.3,Multiplicity:1.13
0.029	0.819	0.029	0.123
0.001	0.001	0.997	0.001
0.001	0.997	0.001	0.001
0.001	0.001	0.001	0.997
0.001	0.001	0.001	0.997
0.001	0.001	0.001	0.997
0.997	0.001	0.001	0.001
0.001	0.997	0.001	0.001
0.001	0.001	0.997	0.001
0.001	0.001	0.997	0.001
0.001	0.997	0.001	0.001
0.322	0.491	0.132	0.055
>CGCATGCGTATT	19-CGCATGCGTATT	11.142354	-143.614683	0	T:71.0(0.21%),B:7.1(0.01%),P:1e-62	Tpos:99.7,Tstd:50.0,Bpos:94.2,Bstd:44.5,StrandBias:0.4,Multiplicity:1.06
0.017	0.857	0.017	0.109
0.017	0.033	0.900	0.050
0.001	0.950	0.033	0.016
0.698	0.039	0.077	0.186
0.050	0.076	0.052	0.822
0.017	0.043	0.897	0.043
0.001	0.949	0.001	0.049
0.017	0.033	0.770	0.180
0.001	0.099	0.049	0.851
0.724	0.050	0.100	0.126
0.017	0.205	0.111	0.667
0.016	0.049	0.001	0.934
>CGGATGACGCAA	20-CGGATGACGCAA	8.463612	-112.740579	0	T:372.0(1.08%),B:285.9(0.45%),P:1e-48	Tpos:105.0,Tstd:56.9,Bpos:101.4,Bstd:65.5,StrandBias:-0.2,Multiplicity:1.04
0.100	0.700	0.100	0.100
0.100	0.100	0.700	0.100
0.100	0.100	0.700	0.100
0.700	0.100	0.100	0.100
0.100	0.100	0.100	0.700
0.100	0.100	0.700	0.100
0.700	0.100	0.100	0.100
0.100	0.700	0.100	0.100
0.100	0.100	0.700	0.100
0.100	0.700	0.100	0.100
0.700	0.100	0.100	0.100
0.700	0.100	0.100	0.100
>AGCCGGCCTTCC	21-AGCCGGCCTTCC	12.054055	-67.491656	0	T:32.0(0.09%),B:3.5(0.01%),P:1e-29	Tpos:127.5,Tstd:40.6,Bpos:64.2,Bstd:17.9,StrandBias:0.4,Multiplicity:1.00
0.997	0.001	0.001	0.001
0.011	0.001	0.987	0.001
0.001	0.997	0.001	0.001
0.001	0.997	0.001	0.001
0.001	0.001	0.997	0.001
0.001	0.001	0.987	0.011
0.001	0.997	0.001	0.001
0.001	0.997	0.001	0.001
0.029	0.001	0.001	0.969
0.001	0.001	0.001	0.997
0.001	0.997	0.001	0.001
0.001	0.997	0.001	0.001
>GAAAYATCGAGT	22-GAAAYATCGAGT	11.326856	-60.135233	0	T:26.0(0.08%),B:2.4(0.00%),P:1e-26	Tpos:84.0,Tstd:51.8,Bpos:115.3,Bstd:36.3,StrandBias:0.1,Multiplicity:1.35
0.001	0.054	0.944	0.001
0.997	0.001	0.001	0.001
0.997	0.001	0.001	0.001
0.827	0.171	0.001	0.001
0.001	0.370	0.172	0.457
0.997	0.001	0.001	0.001
0.003	0.003	0.275	0.719
0.001	0.997	0.001	0.001
0.001	0.001	0.997	0.001
0.997	0.001	0.001	0.001
0.001	0.047	0.951	0.001
0.001	0.001	0.054	0.944
>GAGGCACGCAAC	23-GAGGCACGCAAC	14.230599	-51.312292	0	T:36.0(0.10%),B:7.3(0.01%),P:1e-22	Tpos:95.8,Tstd:55.9,Bpos:141.0,Bstd:20.7,StrandBias:1.9,Multiplicity:1.00
0.001	0.305	0.693	0.001
0.997	0.001	0.001	0.001
0.001	0.001	0.997	0.001
0.001	0.001	0.997	0.001
0.001	0.997	0.001	0.001
0.997	0.001	0.001	0.001
0.001	0.997	0.001	0.001
0.001	0.001	0.997	0.001
0.001	0.997	0.001	0.001
0.997	0.001	0.001	0.001
0.693	0.001	0.305	0.001
0.001	0.997	0.001	0.001
>YGGCGACTCTGC	24-YGGCGACTCTGC	13.331101	-44.019873	0	T:50.0(0.14%),B:18.2(0.03%),P:1e-19	Tpos:116.6,Tstd:51.3,Bpos:105.6,Bstd:40.6,StrandBias:0.6,Multiplicity:1.00
0.001	0.523	0.001	0.475
0.001	0.001	0.997	0.001
0.001	0.001	0.997	0.001
0.001	0.997	0.001	0.001
0.001	0.001	0.997	0.001
0.997	0.001	0.001	0.001
0.001	0.997	0.001	0.001
0.001	0.001	0.001	0.997
0.001	0.997	0.001	0.001
0.110	0.202	0.001	0.687
0.001	0.001	0.893	0.105
0.001	0.997	0.001	0.001
>CCCTGCAGACGT	25-CCCTGCAGACGT	16.592431	-13.264305	0	T:7.0(0.02%),B:1.6(0.00%),P:1e-5	Tpos:69.3,Tstd:40.8,Bpos:144.0,Bstd:0.0,StrandBias:-3.2,Multiplicity:4.43
0.001	0.997	0.001	0.001
0.001	0.997	0.001	0.001
0.001	0.997	0.001	0.001
0.001	0.001	0.001	0.997
0.001	0.001	0.997	0.001
0.001	0.997	0.001	0.001
0.997	0.001	0.001	0.001
0.001	0.001	0.997	0.001
0.997	0.001	0.001	0.001
0.001	0.990	0.001	0.008
0.001	0.001	0.997	0.001
0.001	0.001	0.001	0.997
>TCTTATCA	1-TCTTATCA	6.066558	-1679.794418	0	T:3100.0(8.97%),B:1679.3(2.64%),P:1e-729	Tpos:98.9,Tstd:52.8,Bpos:98.1,Bstd:61.8,StrandBias:-0.0,Multiplicity:1.11
0.052	0.037	0.230	0.681
0.001	0.652	0.346	0.001
0.001	0.001	0.001	0.997
0.001	0.001	0.001	0.997
0.997	0.001	0.001	0.001
0.001	0.001	0.001	0.997
0.001	0.997	0.001	0.001
0.490	0.001	0.197	0.312
>GGCGGGAC	2-GGCGGGAC	6.087613	-1172.277440	0	T:11252.0(32.56%),B:13561.3(21.34%),P:1e-509	Tpos:100.5,Tstd:55.4,Bpos:97.3,Bstd:62.4,StrandBias:-0.0,Multiplicity:1.28
0.001	0.001	0.997	0.001
0.001	0.001	0.997	0.001
0.001	0.613	0.001	0.385
0.001	0.001	0.997	0.001
0.001	0.001	0.644	0.354
0.123	0.001	0.875	0.001
0.775	0.001	0.223	0.001
0.001	0.997	0.001	0.001
>CYGATTGG	3-CYGATTGG	6.744767	-1133.015249	0	T:3407.0(9.86%),B:2522.5(3.97%),P:1e-492	Tpos:99.5,Tstd:54.5,Bpos:88.4,Bstd:63.6,StrandBias:-0.0,Multiplicity:1.23
0.055	0.542	0.197	0.206
0.020	0.496	0.107	0.377
0.031	0.248	0.582	0.139
0.951	0.018	0.025	0.006
0.014	0.027	0.058	0.901
0.171	0.030	0.001	0.798
0.099	0.014	0.862	0.025
0.053	0.057	0.868	0.022
>ATGAGTCA	4-ATGAGTCA	5.942802	-1115.809523	0	T:2386.0(6.90%),B:1425.8(2.24%),P:1e-484	Tpos:103.4,Tstd:52.4,Bpos:100.1,Bstd:56.8,StrandBias:0.0,Multiplicity:1.11
0.643	0.178	0.165	0.014
0.001	0.001	0.001	0.997
0.001	0.001	0.991	0.007
0.980	0.018	0.001	0.001
0.008	0.303	0.671	0.018
0.001	0.001	0.001	0.997
0.014	0.984	0.001	0.001
0.997	0.001	0.001	0.001
>SWGATAAR	5-SWGATAAR	4.503890	-1072.951369	0	T:5548.0(16.05%),B:5327.8(8.38%),P:1e-465	Tpos:98.7,Tstd:55.7,Bpos:98.7,Bstd:61.7,StrandBias:0.1,Multiplicity:1.14
0.001	0.444	0.554	0.001
0.521	0.096	0.001	0.382
0.001	0.001	0.997	0.001
0.997	0.001	0.001	0.001
0.001	0.001	0.001	0.997
0.963	0.001	0.001	0.035
0.761	0.001	0.237	0.001
0.449	0.084	0.308	0.159
>ACTTCCGG	6-ACTTCCGG	7.849408	-1070.944277	0	T:2514.0(7.27%),B:1598.6(2.52%),P:1e-465	Tpos:99.7,Tstd:54.7,Bpos:94.2,Bstd:60.4,StrandBias:0.0,Multiplicity:1.14
0.918	0.001	0.001	0.080
0.001	0.883	0.059	0.057
0.001	0.001	0.001	0.997
0.001	0.001	0.001	0.997
0.001	0.997	0.001	0.001
0.001	0.997	0.001	0.001
0.001	0.001	0.997	0.001
0.001	0.172	0.778	0.049
>MMCGCCTC	7-MMCGCCTC	5.185965	-1037.948925	0	T:11398.0(32.98%),B:14179.6(22.31%),P:1e-450	Tpos:101.2,Tstd:55.8,Bpos:96.5,Bstd:65.1,StrandBias:0.0,Multiplicity:1.14
0.509	0.489	0.001	0.001
0.487	0.511	0.001	0.001
0.001	0.997	0.001	0.001
0.001	0.001	0.997	0.001
0.001	0.997	0.001	0.001
0.001	0.997	0.001	0.001
0.001	0.048	0.001	0.950
0.232	0.766	0.001	0.001
>BTTCCGCC	8-BTTCCGCC	1.547715	-1024.866283	0	T:11645.0(33.70%),B:14617.6(23.00%),P:1e-445	Tpos:99.3,Tstd:55.9,Bpos:99.6,Bstd:66.4,StrandBias:-0.0,Multiplicity:1.27
0.088	0.357	0.227	0.329
0.001	0.001	0.001	0.997
0.001	0.001	0.001	0.997
0.137	0.711	0.151	0.001
0.001	0.997	0.001	0.001
0.001	0.001	0.997	0.001
0.001	0.463	0.298	0.239
0.118	0.595	0.001	0.286
>ATTGGTCG	9-ATTGGTCG	6.272009	-1020.301881	0	T:3220.0(9.32%),B:2441.3(3.84%),P:1e-443	Tpos:99.0,Tstd:56.4,Bpos:94.0,Bstd:63.6,StrandBias:0.0,Multiplicity:1.07
0.947	0.001	0.026	0.026
0.033	0.001	0.018	0.948
0.009	0.027	0.001	0.963
0.001	0.001	0.980	0.018
0.001	0.001	0.997	0.001
0.063	0.164	0.059	0.714
0.011	0.813	0.073	0.103
0.082	0.092	0.799	0.027
>CCCCCCCC	10-CCCCCCCC	8.124860	-943.089996	0	T:6554.0(18.96%),B:7004.2(11.02%),P:1e-409	Tpos:99.9,Tstd:55.3,Bpos:92.6,Bstd:62.4,StrandBias:-0.0,Multiplicity:1.40
0.053	0.627	0.217	0.103
0.004	0.777	0.078	0.141
0.025	0.777	0.119	0.079
0.044	0.643	0.312	0.001
0.043	0.592	0.336	0.029
0.046	0.752	0.157	0.045
0.025	0.849	0.086	0.040
0.011	0.987	0.001	0.001
>CGCCACCT	11-CGCCACCT	4.943422	-760.575888	0	T:5310.0(15.36%),B:5634.5(8.87%),P:1e-330	Tpos:100.9,Tstd:54.1,Bpos:97.6,Bstd:63.4,StrandBias:-0.0,Multiplicity:1.07
0.001	0.997	0.001	0.001
0.001	0.001	0.997	0.001
0.133	0.622	0.001	0.244
0.001	0.997	0.001	0.001
0.989	0.009	0.001	0.001
0.001	0.604	0.001	0.394
0.016	0.982	0.001	0.001
0.001	0.001	0.001	0.997
>CWMCGCCC	12-CWMCGCCC	6.362327	-506.382015	0	T:8884.0(25.71%),B:11929.3(18.77%),P:1e-219	Tpos:100.1,Tstd:55.3,Bpos:97.5,Bstd:62.7,StrandBias:-0.0,Multiplicity:1.16
0.114	0.566	0.001	0.319
0.447	0.001	0.065	0.487
0.524	0.474	0.001	0.001
0.109	0.828	0.001	0.062
0.001	0.001	0.751	0.247
0.001	0.714	0.203	0.082
0.001	0.718	0.053	0.228
0.063	0.659	0.020	0.258
>CCGCCATT	13-CCGCCATT	6.480408	-438.185262	0	T:4331.0(12.53%),B:5034.1(7.92%),P:1e-190	Tpos:98.3,Tstd:56.7,Bpos:99.8,Bstd:62.4,StrandBias:-0.0,Multiplicity:1.05
0.052	0.907	0.040	0.001
0.069	0.862	0.031	0.038
0.001	0.023	0.975	0.001
0.015	0.953	0.031	0.001
0.001	0.970	0.016	0.013
0.838	0.081	0.031	0.050
0.001	0.001	0.039	0.959
0.039	0.047	0.169	0.745
>TGACGTVA	14-TGACGTVA	7.409479	-412.198836	0	T:1678.0(4.86%),B:1421.7(2.24%),P:1e-179	Tpos:101.1,Tstd:56.3,Bpos:92.1,Bstd:63.4,StrandBias:-0.0,Multiplicity:1.03
0.001	0.001	0.001	0.997
0.001	0.018	0.980	0.001
0.813	0.001	0.001	0.185
0.079	0.628	0.001	0.292
0.001	0.001	0.997	0.001
0.001	0.395	0.001	0.603
0.351	0.340	0.227	0.082
0.786	0.212	0.001	0.001
>CGMWTGMG	15-CGMWTGMG	4.627947	-401.926041	0	T:7323.0(21.19%),B:9823.5(15.46%),P:1e-174	Tpos:102.1,Tstd:55.8,Bpos:97.5,Bstd:67.1,StrandBias:0.1,Multiplicity:1.14
0.143	0.732	0.047	0.078
0.154	0.093	0.708	0.045
0.355	0.411	0.178	0.056
0.440	0.095	0.067	0.398
0.324	0.120	0.016	0.540
0.222	0.174	0.536	0.068
0.417	0.405	0.026	0.152
0.045	0.155	0.662	0.138
>TGACGVVA	16-TGACGVVA	4.944531	-401.619448	0	T:8467.0(24.50%),B:11692.3(18.40%),P:1e-174	Tpos:101.6,Tstd:55.2,Bpos:99.8,Bstd:66.4,StrandBias:0.0,Multiplicity:1.12
0.001	0.029	0.001	0.969
0.191	0.110	0.532	0.167
0.666	0.133	0.001	0.200
0.001	0.964	0.001	0.034
0.001	0.001	0.997	0.001
0.253	0.375	0.259	0.112
0.236	0.352	0.374	0.038
0.509	0.186	0.150	0.155
>ACGTAACG	17-ACGTAACG	6.191309	-395.839006	0	T:2075.0(6.00%),B:1954.5(3.08%),P:1e-171	Tpos:102.7,Tstd:53.2,Bpos:91.0,Bstd:67.3,StrandBias:-0.0,Multiplicity:1.19
0.688	0.145	0.106	0.061
0.070	0.826	0.072	0.032
0.038	0.041	0.901	0.020
0.035	0.076	0.054	0.835
0.456	0.202	0.290	0.052
0.898	0.029	0.052	0.021
0.074	0.777	0.097	0.052
0.072	0.177	0.618	0.133
>GCGCATGC	18-GCGCATGC	10.817352	-362.084482	0	T:751.0(2.17%),B:434.5(0.68%),P:1e-157	Tpos:99.9,Tstd:53.4,Bpos:86.3,Bstd:58.1,StrandBias:0.1,Multiplicity:1.06
0.152	0.001	0.846	0.001
0.082	0.916	0.001	0.001
0.001	0.001	0.997	0.001
0.001	0.997	0.001	0.001
0.997	0.001	0.001	0.001
0.001	0.001	0.001	0.997
0.001	0.001	0.997	0.001
0.001	0.997	0.001	0.001
>CAYTTCCY	19-CAYTTCCY	7.744743	-323.852472	0	T:2865.0(8.29%),B:3209.8(5.05%),P:1e-140	Tpos:99.7,Tstd:55.9,Bpos:97.5,Bstd:57.7,StrandBias:-0.0,Multiplicity:1.06
0.001	0.871	0.013	0.115
0.889	0.001	0.109	0.001
0.179	0.347	0.098	0.375
0.001	0.001	0.128	0.870
0.087	0.001	0.001	0.911
0.080	0.854	0.065	0.001
0.069	0.929	0.001	0.001
0.001	0.472	0.193	0.334
>TATCGCGA	20-TATCGCGA	7.892481	-239.589937	0	T:569.0(1.65%),B:360.1(0.57%),P:1e-104	Tpos:104.2,Tstd:54.4,Bpos:89.9,Bstd:70.5,StrandBias:0.1,Multiplicity:1.06
0.001	0.001	0.001	0.997
0.729	0.269	0.001	0.001
0.336	0.001	0.151	0.512
0.001	0.715	0.218	0.066
0.040	0.001	0.872	0.087
0.001	0.790	0.001	0.208
0.059	0.001	0.849	0.091
0.997	0.001	0.001	0.001
>TAACCACA	21-TAACCACA	6.276772	-230.993738	0	T:3427.0(9.92%),B:4348.2(6.84%),P:1e-100	Tpos:99.4,Tstd:55.3,Bpos:97.6,Bstd:57.4,StrandBias:0.0,Multiplicity:1.07
0.271	0.077	0.001	0.651
0.761	0.001	0.237	0.001
0.911	0.001	0.087	0.001
0.001	0.997	0.001	0.001
0.001	0.849	0.001	0.149
0.707	0.001	0.146	0.146
0.001	0.997	0.001	0.001
0.740	0.001	0.113	0.146
>GTAATCCG	22-GTAATCCG	4.358489	-203.230255	0	T:4262.0(12.33%),B:5779.6(9.09%),P:1e-88	Tpos:98.9,Tstd:56.1,Bpos:99.7,Bstd:64.3,StrandBias:-0.1,Multiplicity:1.06
0.121	0.168	0.583	0.128
0.117	0.164	0.076	0.643
0.644	0.128	0.092	0.136
0.624	0.099	0.148	0.129
0.142	0.117	0.149	0.592
0.145	0.569	0.178	0.108
0.093	0.674	0.127	0.106
0.109	0.134	0.670	0.087
>CCACTAGG	23-CCACTAGG	7.060929	-200.377881	0	T:1422.0(4.11%),B:1483.1(2.33%),P:1e-87	Tpos:99.7,Tstd:52.8,Bpos:98.3,Bstd:60.7,StrandBias:-0.0,Multiplicity:1.02
0.001	0.997	0.001	0.001
0.001	0.873	0.125	0.001
0.894	0.001	0.104	0.001
0.001	0.997	0.001	0.001
0.172	0.001	0.001	0.826
0.997	0.001	0.001	0.001
0.001	0.001	0.997	0.001
0.195	0.001	0.803	0.001
>AACAACCG	24-AACAACCG	6.703019	-128.282720	0	T:1302.0(3.77%),B:1504.5(2.37%),P:1e-55	Tpos:101.5,Tstd:55.8,Bpos:105.4,Bstd:64.0,StrandBias:0.0,Multiplicity:1.02
0.898	0.022	0.035	0.045
0.647	0.109	0.097	0.147
0.001	0.997	0.001	0.001
0.838	0.092	0.001	0.069
0.838	0.001	0.108	0.053
0.001	0.950	0.001	0.048
0.001	0.997	0.001	0.001
0.062	0.109	0.828	0.001
>TTTTTTTT	25-TTTTTTTT	-5.515347	-116.828455	0	T:19687.0(56.96%),B:33642.8(52.93%),P:1e-50	Tpos:100.7,Tstd:56.7,Bpos:100.5,Bstd:62.6,StrandBias:0.0,Multiplicity:2.06
0.001	0.068	0.220	0.711
0.001	0.001	0.001	0.997
0.001	0.001	0.001	0.997
0.001	0.001	0.001	0.997
0.001	0.001	0.001	0.997
0.001	0.001	0.001	0.997
0.001	0.001	0.001	0.997
0.001	0.084	0.001	0.914
