>WRGCCCCGCCCC	1-WRGCCCCGCCCC,BestGuess:Sp2(Zf)/HEK293-Sp2.eGFP-ChIP-Seq(Encode)/Homer(0.972)	9.128958	-2414.089894	0	T:6520.0(18.87%),B:4688.6(7.38%),P:1e-1048
0.408	0.170	0.111	0.310
0.323	0.146	0.439	0.093
0.159	0.007	0.767	0.067
0.031	0.768	0.051	0.150
0.048	0.748	0.001	0.203
0.176	0.814	0.001	0.009
0.001	0.978	0.008	0.013
0.184	0.001	0.733	0.082
0.001	0.997	0.001	0.001
0.001	0.997	0.001	0.001
0.006	0.776	0.001	0.217
0.285	0.522	0.008	0.185
>TCTTATCA	1-TCTTATCA,BestGuess:Gata4(Zf)/Heart-Gata4-ChIP-Seq(GSE35151)/Homer(0.962)	6.066558	-1679.794418	0	T:3100.0(8.97%),B:1679.3(2.64%),P:1e-729
0.052	0.037	0.230	0.681
0.001	0.652	0.346	0.001
0.001	0.001	0.001	0.997
0.001	0.001	0.001	0.997
0.997	0.001	0.001	0.001
0.001	0.001	0.001	0.997
0.001	0.997	0.001	0.001
0.490	0.001	0.197	0.312
>BSYSATTGGYYV	2-BSYSATTGGYYV,BestGuess:NFY(CCAAT)/Promoter/Homer(0.967)	7.643887	-1413.548110	0	T:3287.0(9.51%),B:2092.5(3.29%),P:1e-613
0.102	0.289	0.289	0.321
0.080	0.425	0.296	0.199
0.001	0.414	0.178	0.407
0.001	0.364	0.476	0.160
0.896	0.001	0.102	0.001
0.001	0.012	0.001	0.986
0.001	0.001	0.001	0.997
0.001	0.001	0.997	0.001
0.001	0.001	0.997	0.001
0.141	0.426	0.115	0.318
0.045	0.434	0.171	0.351
0.261	0.244	0.353	0.141
>ACTTCCGGTY	2-ACTTCCGGTY,BestGuess:Elk1(ETS)/Hela-Elk1-ChIP-Seq(GSE31477)/Homer(0.984)	7.665341	-1405.584367	0	T:3553.0(10.28%),B:2387.7(3.76%),P:1e-610
0.582	0.050	0.227	0.141
0.001	0.609	0.120	0.270
0.032	0.001	0.001	0.966
0.001	0.001	0.011	0.987
0.001	0.997	0.001	0.001
0.001	0.997	0.001	0.001
0.001	0.037	0.802	0.160
0.042	0.298	0.549	0.111
0.119	0.277	0.154	0.450
0.160	0.252	0.206	0.382
>GCCMCCTGGTGG	3-GCCMCCTGGTGG,BestGuess:CTCF/MA0139.2/Jaspar(0.951)	9.281746	-1348.203947	0	T:1804.0(5.22%),B:735.8(1.16%),P:1e-585
0.058	0.001	0.889	0.052
0.024	0.974	0.001	0.001
0.001	0.997	0.001	0.001
0.417	0.567	0.015	0.001
0.001	0.645	0.001	0.353
0.001	0.997	0.001	0.001
0.024	0.018	0.001	0.957
0.323	0.057	0.543	0.077
0.001	0.246	0.752	0.001
0.054	0.035	0.027	0.884
0.001	0.001	0.997	0.001
0.001	0.001	0.968	0.030
>ATGASTCATC	5-ATGASTCATC,BestGuess:JunB(bZIP)/DendriticCells-Junb-ChIP-Seq(GSE36099)/Homer(0.994)	9.009393	-1221.463167	0	T:1588.0(4.59%),B:628.9(0.99%),P:1e-530
0.491	0.208	0.300	0.001
0.001	0.001	0.001	0.997
0.001	0.001	0.997	0.001
0.997	0.001	0.001	0.001
0.001	0.483	0.515	0.001
0.001	0.001	0.001	0.997
0.001	0.997	0.001	0.001
0.997	0.001	0.001	0.001
0.001	0.276	0.252	0.471
0.204	0.469	0.141	0.186
>GCGCATGCGCRS	8-GCGCATGCGCRS,BestGuess:NRF1(NRF)/MCF7-NRF1-ChIP-Seq(Unpublished)/Homer(0.982)	9.712250	-729.261722	0	T:1810.0(5.24%),B:1184.3(1.86%),P:1e-316
0.113	0.044	0.841	0.002
0.048	0.879	0.071	0.002
0.039	0.018	0.926	0.017
0.016	0.950	0.014	0.020
0.711	0.217	0.026	0.046
0.061	0.068	0.120	0.751
0.001	0.001	0.997	0.001
0.022	0.947	0.011	0.020
0.003	0.066	0.829	0.102
0.004	0.842	0.031	0.123
0.396	0.226	0.284	0.094
0.180	0.304	0.372	0.144
>TYACGTCACB	11-TYACGTCACB,BestGuess:Atf1/MA0604.1/Jaspar(0.940)	7.240241	-618.757133	0	T:2399.0(6.94%),B:1997.3(3.14%),P:1e-268
0.155	0.214	0.190	0.442
0.023	0.403	0.206	0.368
0.575	0.125	0.274	0.026
0.001	0.997	0.001	0.001
0.001	0.025	0.973	0.001
0.001	0.018	0.001	0.980
0.011	0.662	0.326	0.001
0.939	0.001	0.001	0.059
0.001	0.509	0.225	0.265
0.135	0.286	0.244	0.335
>VCAAGATGGCGG	9-VCAAGATGGCGG,BestGuess:YY1(Zf)/Promoter/Homer(0.953)	9.114177	-542.727149	0	T:1307.0(3.78%),B:836.8(1.32%),P:1e-235
0.283	0.349	0.209	0.159
0.194	0.517	0.225	0.064
0.947	0.001	0.051	0.001
0.873	0.026	0.054	0.047
0.196	0.184	0.608	0.012
0.986	0.012	0.001	0.001
0.072	0.001	0.145	0.782
0.001	0.001	0.997	0.001
0.001	0.001	0.997	0.001
0.030	0.897	0.001	0.072
0.097	0.063	0.751	0.089
0.091	0.123	0.740	0.046
>ACTACAAHTCCC	12-ACTACAAHTCCC,BestGuess:GFY(?)/Promoter/Homer(0.969)	10.620900	-440.536943	0	T:607.0(1.76%),B:252.5(0.40%),P:1e-191
0.994	0.004	0.001	0.001
0.001	0.994	0.004	0.001
0.024	0.070	0.005	0.901
0.730	0.124	0.060	0.086
0.001	0.965	0.029	0.005
0.742	0.061	0.114	0.083
0.543	0.082	0.202	0.173
0.279	0.290	0.126	0.306
0.072	0.176	0.043	0.709
0.001	0.964	0.001	0.034
0.001	0.938	0.001	0.060
0.005	0.942	0.001	0.052
>GATTGCGCAA	15-GATTGCGCAA,BestGuess:CEBPB/MA0466.4/Jaspar(0.906)	5.155712	-300.497275	0	T:2287.0(6.62%),B:2446.3(3.85%),P:1e-130
0.164	0.178	0.464	0.194
0.610	0.127	0.148	0.115
0.114	0.171	0.166	0.549
0.176	0.118	0.160	0.546
0.140	0.161	0.587	0.112
0.123	0.674	0.109	0.094
0.120	0.102	0.662	0.116
0.125	0.576	0.197	0.102
0.586	0.167	0.121	0.126
0.420	0.173	0.241	0.166
>HTCTCGCGAG	16-HTCTCGCGAG,BestGuess:ZBTB33/MA0527.2/Jaspar(0.952)	5.205395	-246.139821	0	T:603.0(1.74%),B:389.6(0.61%),P:1e-106
0.304	0.290	0.101	0.305
0.001	0.001	0.001	0.997
0.263	0.735	0.001	0.001
0.001	0.001	0.047	0.951
0.001	0.997	0.001	0.001
0.001	0.001	0.997	0.001
0.001	0.956	0.001	0.042
0.001	0.001	0.997	0.001
0.997	0.001	0.001	0.001
0.001	0.001	0.826	0.172
>TAACCACA	21-TAACCACA,BestGuess:RUNX(Runt)/HPC7-Runx1-ChIP-Seq(GSE22178)/Homer(0.950)	6.276772	-230.993738	0	T:3427.0(9.92%),B:4348.2(6.84%),P:1e-100
0.271	0.077	0.001	0.651
0.761	0.001	0.237	0.001
0.911	0.001	0.087	0.001
0.001	0.997	0.001	0.001
0.001	0.849	0.001	0.149
0.707	0.001	0.146	0.146
0.001	0.997	0.001	0.001
0.740	0.001	0.113	0.146
>GTAATCCG	22-GTAATCCG,BestGuess:Dmbx1/MA0883.2/Jaspar(0.874)	4.358489	-203.230255	0	T:4262.0(12.33%),B:5779.6(9.09%),P:1e-88
0.121	0.168	0.583	0.128
0.117	0.164	0.076	0.643
0.644	0.128	0.092	0.136
0.624	0.099	0.148	0.129
0.142	0.117	0.149	0.592
0.145	0.569	0.178	0.108
0.093	0.674	0.127	0.106
0.109	0.134	0.670	0.087
>CGCTTTACGGCC	18-CGCTTTACGGCC,BestGuess:CDX4(Homeobox)/ZebrafishEmbryos-Cdx4.Myc-ChIP-Seq(GSE48254)/Homer(0.699)	11.931823	-157.099588	0	T:45.0(0.13%),B:1.8(0.00%),P:1e-68
0.029	0.819	0.029	0.123
0.001	0.001	0.997	0.001
0.001	0.997	0.001	0.001
0.001	0.001	0.001	0.997
0.001	0.001	0.001	0.997
0.001	0.001	0.001	0.997
0.997	0.001	0.001	0.001
0.001	0.997	0.001	0.001
0.001	0.001	0.997	0.001
0.001	0.001	0.997	0.001
0.001	0.997	0.001	0.001
0.322	0.491	0.132	0.055
>HTATCGGCTG	19-HTATCGGCTG,BestGuess:Ap4(bHLH)/AML-Tfap4-ChIP-Seq(GSE45738)/Homer(0.807)	7.290193	-149.550073	0	T:2060.0(5.96%),B:2562.0(4.03%),P:1e-64
0.241	0.320	0.118	0.320
0.239	0.188	0.001	0.572
0.646	0.019	0.160	0.175
0.276	0.001	0.156	0.567
0.001	0.847	0.151	0.001
0.148	0.229	0.441	0.183
0.001	0.001	0.997	0.001
0.001	0.997	0.001	0.001
0.179	0.001	0.004	0.816
0.001	0.001	0.997	0.001
>AACAACCG	24-AACAACCG,BestGuess:ZNF341/MA1655.2/Jaspar(0.699)	6.703019	-128.282720	0	T:1302.0(3.77%),B:1504.5(2.37%),P:1e-55
0.898	0.022	0.035	0.045
0.647	0.109	0.097	0.147
0.001	0.997	0.001	0.001
0.838	0.092	0.001	0.069
0.838	0.001	0.108	0.053
0.001	0.950	0.001	0.048
0.001	0.997	0.001	0.001
0.062	0.109	0.828	0.001
>TTTTTTTT	25-TTTTTTTT,BestGuess:ZNF384/MA1125.2/Jaspar(0.982)	-5.515347	-116.828455	0	T:19687.0(56.96%),B:33642.8(52.93%),P:1e-50
0.001	0.068	0.220	0.711
0.001	0.001	0.001	0.997
0.001	0.001	0.001	0.997
0.001	0.001	0.001	0.997
0.001	0.001	0.001	0.997
0.001	0.001	0.001	0.997
0.001	0.001	0.001	0.997
0.001	0.084	0.001	0.914
>TGCTATGGCG	21-TGCTATGGCG,BestGuess:YY2/MA0748.3/Jaspar(0.755)	8.050893	-106.667338	0	T:353.0(1.02%),B:271.8(0.43%),P:1e-46
0.062	0.094	0.058	0.786
0.035	0.020	0.874	0.071
0.046	0.728	0.056	0.170
0.068	0.129	0.100	0.703
0.833	0.104	0.062	0.001
0.054	0.090	0.057	0.799
0.052	0.060	0.836	0.052
0.155	0.042	0.762	0.041
0.061	0.888	0.008	0.043
0.073	0.084	0.781	0.062
>AGCCGGCCTTCC	21-AGCCGGCCTTCC,BestGuess:ZNF91(Zf)/HEK-ZNF91.HA-ChIP-Seq(GSE162571)/Homer(0.591)	12.054055	-67.491656	0	T:32.0(0.09%),B:3.5(0.01%),P:1e-29
0.997	0.001	0.001	0.001
0.011	0.001	0.987	0.001
0.001	0.997	0.001	0.001
0.001	0.997	0.001	0.001
0.001	0.001	0.997	0.001
0.001	0.001	0.987	0.011
0.001	0.997	0.001	0.001
0.001	0.997	0.001	0.001
0.029	0.001	0.001	0.969
0.001	0.001	0.001	0.997
0.001	0.997	0.001	0.001
0.001	0.997	0.001	0.001
>GAAAYATCGAGT	22-GAAAYATCGAGT,BestGuess:NFAT:AP1(RHD,bZIP)/Jurkat-NFATC1-ChIP-Seq(Jolma_et_al.)/Homer(0.611)	11.326856	-60.135233	0	T:26.0(0.08%),B:2.4(0.00%),P:1e-26
0.001	0.054	0.944	0.001
0.997	0.001	0.001	0.001
0.997	0.001	0.001	0.001
0.827	0.171	0.001	0.001
0.001	0.370	0.172	0.457
0.997	0.001	0.001	0.001
0.003	0.003	0.275	0.719
0.001	0.997	0.001	0.001
0.001	0.001	0.997	0.001
0.997	0.001	0.001	0.001
0.001	0.047	0.951	0.001
0.001	0.001	0.054	0.944
>GAGGCACGCAAC	23-GAGGCACGCAAC,BestGuess:Arnt:Ahr(bHLH)/MCF7-Arnt-ChIP-Seq(Lo_et_al.)/Homer(0.792)	14.230599	-51.312292	0	T:36.0(0.10%),B:7.3(0.01%),P:1e-22
0.001	0.305	0.693	0.001
0.997	0.001	0.001	0.001
0.001	0.001	0.997	0.001
0.001	0.001	0.997	0.001
0.001	0.997	0.001	0.001
0.997	0.001	0.001	0.001
0.001	0.997	0.001	0.001
0.001	0.001	0.997	0.001
0.001	0.997	0.001	0.001
0.997	0.001	0.001	0.001
0.693	0.001	0.305	0.001
0.001	0.997	0.001	0.001
>TAMCGTCGCS	24-TAMCGTCGCS,BestGuess:PB0179.1_Sp100_2/Jaspar(0.633)	8.868029	-47.094623	0	T:49.0(0.14%),B:16.9(0.03%),P:1e-20
0.001	0.001	0.001	0.997
0.997	0.001	0.001	0.001
0.503	0.449	0.001	0.047
0.001	0.997	0.001	0.001
0.001	0.001	0.997	0.001
0.025	0.001	0.028	0.946
0.001	0.997	0.001	0.001
0.001	0.001	0.997	0.001
0.001	0.997	0.001	0.001
0.001	0.550	0.448	0.001
>YGGCGACTCTGC	24-YGGCGACTCTGC,BestGuess:Mafg/MA0659.4/Jaspar(0.652)	13.331101	-44.019873	0	T:50.0(0.14%),B:18.2(0.03%),P:1e-19
0.001	0.523	0.001	0.475
0.001	0.001	0.997	0.001
0.001	0.001	0.997	0.001
0.001	0.997	0.001	0.001
0.001	0.001	0.997	0.001
0.997	0.001	0.001	0.001
0.001	0.997	0.001	0.001
0.001	0.001	0.001	0.997
0.001	0.997	0.001	0.001
0.110	0.202	0.001	0.687
0.001	0.001	0.893	0.105
0.001	0.997	0.001	0.001
>CCCTGCAGACGT	25-CCCTGCAGACGT,BestGuess:Smad4(MAD)/ESC-SMAD4-ChIP-Seq(GSE29422)/Homer(0.650)	16.592431	-13.264305	0	T:7.0(0.02%),B:1.6(0.00%),P:1e-5
0.001	0.997	0.001	0.001
0.001	0.997	0.001	0.001
0.001	0.997	0.001	0.001
0.001	0.001	0.001	0.997
0.001	0.001	0.997	0.001
0.001	0.997	0.001	0.001
0.997	0.001	0.001	0.001
0.001	0.001	0.997	0.001
0.997	0.001	0.001	0.001
0.001	0.990	0.001	0.008
0.001	0.001	0.997	0.001
0.001	0.001	0.001	0.997
